Edaphobacter.dinghuensis.DHF9	EU861892.1.1464	99.383	1458	9	0	1	1458	1	1458	0.0	2643
Edaphobacter.dinghuensis.DHF9	Wn0Se279	99.243	1454	11	0	8	1461	1	1454	0.0	2625
Edaphobacter.dinghuensis.DHF9	JF183322.1.1321	99.470	1321	7	0	21	1341	1	1321	0.0	2401
Granulicella.cerasi	AB548308.1.1425	100.000	1425	0	0	1	1425	1	1425	0.0	2625
Terracidiphilus.gabretensis.S55	FJ466374.1.1415	99.567	1387	6	0	14	1400	1	1387	0.0	2529
Terriglobus.tenax.strain.DRP.35	AcdBacteA	100.000	1440	0	0	1	1440	1	1440	0.0	2660
Paludibaculum.fermentans.strain.P105	AY661978.1.1490	99.646	1412	4	1	1	1412	2	1412	0.0	2579
A24.SHP-5.238	AB637077.1.1479	99.392	1481	5	4	1	1479	1	1479	0.0	2682
A24.SHP-5.238	JF139787.1.1342	99.031	1342	11	2	21	1360	1	1342	0.0	2405
Stenotrophobacter.terrae.strain.Ac.28.D10	Ac_28_D10_full	100.000	1484	0	0	1	1484	1	1484	0.0	2741
Stenotrophobacter.terrae.strain.Ac.28.D10	DQ071127.1.1445	99.862	1445	2	0	21	1465	1	1445	0.0	2658
Stenotrophobacter.terrae.strain.Ac.28.D10	GU187032.1.1400	99.786	1400	3	0	42	1441	1	1400	0.0	2569
Stenotrophobacter.terrae.strain.Ac.28.D10	AY922155.1.1377	99.855	1375	2	0	2	1376	1	1375	0.0	2529
Stenotrophobacter.terrae.strain.Ac.28.D10	JF231370.1.1342	99.776	1342	3	0	21	1362	1	1342	0.0	2462
Stenotrophobacter.terrae.strain.Ac.28.D10	JF178172.1.1342	99.627	1342	5	0	21	1362	1	1342	0.0	2451
Stenotrophobacter.terrae.strain.Ac.28.D10	JF204072.1.1342	99.180	1342	11	0	21	1362	1	1342	0.0	2418
Stenotrophobacter.namibiensis.strain.Ac.17.F2	Ac_15_C4_full	99.192	1485	8	4	1	1483	1	1483	0.0	2673
LutaleapratensisHEG.6.39	HewYy071	99.533	1498	7	0	9	1506	1	1498	0.0	2728
AcidipilaroseaAB561884	AipRosea	100.000	1461	0	0	1	1461	1	1461	0.0	2699
TelmatobacterbradusAM887760	Tl2Bradu	100.000	1406	0	0	1	1406	1	1406	0.0	2597
GranulicellaaggregansAM887756	GruAggre	100.000	1455	0	0	1	1455	1	1455	0.0	2687
GranulicellapectinivoransAM887757	GruPecti	100.000	1443	0	0	1	1443	1	1443	0.0	2665
GranulicellapectinivoransAM887757	GruSapmi	99.237	1442	9	2	2	1442	13	1453	0.0	2601
GranulicellaroseaAM887759	GruRosea	100.000	1423	0	0	1	1423	1	1423	0.0	2628
GranulicellaarcticaHQ687089	GruArcti	100.000	1490	0	0	1	1490	1	1490	0.0	2752
GranulicellasapmiensisHQ687090	GruSapmi	100.000	1488	0	0	1	1488	1	1488	0.0	2748
GranulicellasapmiensisHQ687090	GruPecti	99.237	1442	9	2	13	1453	2	1442	0.0	2601
EdaphobacteraggregansDQ528761	EobAggre	100.000	1425	0	0	1	1425	1	1425	0.0	2625
TerriglobusroseusKBS63TDQ660892	Tg0Rose4	100.000	1420	0	0	1	1420	1	1420	0.0	2623
TerriglobusroseusKBS63TDQ660892	CP003379.2074474.2075855	100.000	1369	0	0	1	1369	14	1382	0.0	2529
TerriglobusroseusKBS63TDQ660892	JN023151.1.1455	99.075	1406	13	0	15	1420	1	1406	0.0	2525
AY587227AcidobacteriaceaebacteriumKBS89	AY587227.1.1418	100.000	1418	0	0	1	1418	1	1418	0.0	2619
AY587227AcidobacteriaceaebacteriumKBS89	JF833524.1.1453	99.717	1415	4	0	4	1418	1	1415	0.0	2591
AY587227AcidobacteriaceaebacteriumKBS89	FJ625371.1.1495	99.435	1416	8	0	1	1416	26	1441	0.0	2571
AY587227AcidobacteriaceaebacteriumKBS89	EU150226.1.1462	99.366	1419	8	1	1	1418	25	1443	0.0	2569
AY587227AcidobacteriaceaebacteriumKBS89	Wn0Sey11	99.295	1418	10	0	1	1418	18	1435	0.0	2564
AY587227AcidobacteriaceaebacteriumKBS89	HM062091.1.1418	99.224	1418	11	0	1	1418	1	1418	0.0	2558
AY587227AcidobacteriaceaebacteriumKBS89	HewYy181	99.224	1418	11	0	1	1418	18	1435	0.0	2558
AY587227AcidobacteriaceaebacteriumKBS89	Wn0Se157	99.224	1418	11	0	1	1418	18	1435	0.0	2558
AY587227AcidobacteriaceaebacteriumKBS89	Wn0Sey42	99.083	1418	12	1	1	1418	18	1434	0.0	2545
AY587227AcidobacteriaceaebacteriumKBS89	EU150220.1.1461	99.013	1418	14	0	1	1418	25	1442	0.0	2542
AY587227AcidobacteriaceaebacteriumKBS89	AewYy147	99.013	1418	14	0	1	1418	18	1435	0.0	2542
AY587227AcidobacteriaceaebacteriumKBS89	JN024048.1.1453	99.288	1404	10	0	15	1418	1	1404	0.0	2538
AY587227AcidobacteriaceaebacteriumKBS89	JN023345.1.1453	99.217	1404	11	0	15	1418	1	1404	0.0	2532
AY587227AcidobacteriaceaebacteriumKBS89	JN023908.1.1453	99.145	1404	12	0	15	1418	1	1404	0.0	2527
AY587227AcidobacteriaceaebacteriumKBS89	JN023241.1.1453	99.145	1404	12	0	15	1418	1	1404	0.0	2527
AY587227AcidobacteriaceaebacteriumKBS89	JN023372.1.1453	99.145	1404	12	0	15	1418	1	1404	0.0	2527
AY587227AcidobacteriaceaebacteriumKBS89	JN024021.1.1453	99.074	1404	13	0	15	1418	1	1404	0.0	2521
AY587227AcidobacteriaceaebacteriumKBS89	JN023772.1.1453	99.074	1404	13	0	15	1418	1	1404	0.0	2521
AY587227AcidobacteriaceaebacteriumKBS89	JN023316.1.1453	99.074	1404	13	0	15	1418	1	1404	0.0	2521
AY587227AcidobacteriaceaebacteriumKBS89	JN023273.1.1453	99.074	1404	13	0	15	1418	1	1404	0.0	2521
AY587227AcidobacteriaceaebacteriumKBS89	JN023114.1.1454	99.075	1406	10	3	15	1418	1	1405	0.0	2521
AY587227AcidobacteriaceaebacteriumKBS89	JN023432.1.1453	99.003	1404	14	0	15	1418	1	1404	0.0	2516
AY587227AcidobacteriaceaebacteriumKBS89	JN023142.1.1454	99.004	1405	13	1	15	1418	1	1405	0.0	2516
AY587227AcidobacteriaceaebacteriumKBS89	JN023117.1.1453	99.003	1404	14	0	15	1418	1	1404	0.0	2516
AY587227AcidobacteriaceaebacteriumKBS89	JN023181.1.1452	99.003	1404	13	1	15	1418	1	1403	0.0	2514
AY587228TerriglobusspTAA43	AY587228.1.1419	100.000	1419	0	0	1	1419	1	1419	0.0	2621
AY587228TerriglobusspTAA43	AM887754.1.1403	99.480	1347	7	0	1	1347	25	1371	0.0	2449
AY587229TerriglobusspTAA48	AY587229.1.1419	100.000	1419	0	0	1	1419	1	1419	0.0	2621
AY587229TerriglobusspTAA48	AM887754.1.1403	99.348	1380	7	2	1	1379	25	1403	0.0	2497
DQ660893TerriglobusroseusKBS62	Tg0Rose4	100.000	1420	0	0	1	1420	1	1420	0.0	2623
DQ660893TerriglobusroseusKBS62	CP003379.2074474.2075855	100.000	1369	0	0	1	1369	14	1382	0.0	2529
DQ660893TerriglobusroseusKBS62	JN023151.1.1455	99.075	1406	13	0	15	1420	1	1406	0.0	2525
DQ660894TerriglobusroseusstrainKBS68	Tg0Rose4	100.000	1420	0	0	1	1420	1	1420	0.0	2623
DQ660894TerriglobusroseusstrainKBS68	CP003379.2074474.2075855	100.000	1369	0	0	1	1369	14	1382	0.0	2529
DQ660894TerriglobusroseusstrainKBS68	JN023151.1.1455	99.075	1406	13	0	15	1420	1	1406	0.0	2525
DQ660895TerriglobusroseusstrainKBS112	Tg0Rose4	100.000	1420	0	0	1	1420	1	1420	0.0	2623
DQ660895TerriglobusroseusstrainKBS112	CP003379.2074474.2075855	100.000	1369	0	0	1	1369	14	1382	0.0	2529
DQ660895TerriglobusroseusstrainKBS112	JN023151.1.1455	99.075	1406	13	0	15	1420	1	1406	0.0	2525
AcidicapsaligniEU780204	E68Ligni	100.000	1401	0	0	1	1401	1	1401	0.0	2588
AcidicapsaborealisFR774763	E68Borea	100.000	1411	0	0	1	1411	1	1411	0.0	2606
BryocellaelongataFR666706	F98Elong	100.000	1416	0	0	1	1416	1	1416	0.0	2615
BryocellaelongataFR666706	FR774764.1.1456	99.716	1410	4	0	7	1416	1	1410	0.0	2582
TerriglobussaanensisSP1PR4THM214537	Tg0Saan2	100.000	1492	0	0	1	1492	1	1492	0.0	2756
TerriglobussaanensisSP1PR4THM214537	CP002467.3872526.3874013	99.866	1488	2	0	1	1488	1	1488	0.0	2737
TerriglobussaanensisSP1PR4THM214537	FJ870379.1.1418	99.788	1418	3	0	25	1442	1	1418	0.0	2603
TerriglobussaanensisSP1PR4THM214537	FJ870382.1.1418	99.365	1418	9	0	25	1442	1	1418	0.0	2569
TerriglobussaanensisSP1PR5HM214538	CP002467.3872526.3874013	99.866	1488	2	0	1	1488	1	1488	0.0	2737
TerriglobussaanensisSP1PR5HM214538	Tg0Saan2	99.732	1492	4	0	1	1492	1	1492	0.0	2734
TerriglobussaanensisSP1PR5HM214538	FJ870379.1.1418	99.788	1418	3	0	25	1442	1	1418	0.0	2603
TerriglobussaanensisSP1PR5HM214538	FJ870382.1.1418	99.365	1418	9	0	25	1442	1	1418	0.0	2569
EdaphobacterdinghuensisKM083126	EU861892.1.1464	99.383	1458	9	0	1	1458	1	1458	0.0	2643
EdaphobacterdinghuensisKM083126	Wn0Se279	99.243	1454	11	0	8	1461	1	1454	0.0	2625
EdaphobacterdinghuensisKM083126	JF183322.1.1321	99.470	1321	7	0	21	1341	1	1321	0.0	2401
Occallatibacterriparius277THQ995659	277	100.000	1463	0	0	1	1463	1	1463	0.0	2702
Occallatibacterriparius307HQ995660	277	100.000	1463	0	0	1	1463	1	1463	0.0	2702
OccallatibactersavannaeA2.1cHQ995661	A2_1c	100.000	1461	0	0	1	1461	1	1461	0.0	2699
OccallatibactersavannaeA2.1cHQ995661	FJ538164.1.1471	99.590	1462	2	4	1	1458	4	1465	0.0	2663
OccallatibactersavannaeA2.1cHQ995661	HM062171.1.1418	99.788	1418	3	0	25	1442	1	1418	0.0	2603
OccallatibactersavannaeA2.1cHQ995661	HM062468.1.1418	99.647	1418	5	0	25	1442	1	1418	0.0	2591
OccallatibactersavannaeA2.1cHQ995661	HM062464.1.1419	99.507	1419	6	1	25	1442	1	1419	0.0	2580
OccallatibactersavannaeA2.1cHQ995661	HM558340.1.1335	99.775	1335	2	1	20	1353	1	1335	0.0	2447
TerriglobustenaxJN543507a	AcdBacteA	100.000	1440	0	0	1	1440	1	1440	0.0	2660
TerriglobusalbidusKP334258	Ac_26_B10_full	100.000	1461	0	0	1	1461	1	1461	0.0	2699
GranulicellapaludicolaAM887758a	AdbBac10A	100.000	1419	0	0	1	1419	1	1419	0.0	2617
GranulicellapaludicolaAM887758a	FR716684.1.1401	99.074	1404	9	4	3	1405	1	1401	0.0	2519
GranulicellamallensisHQ687087a	BljMalleA	100.000	1488	0	0	1	1488	1	1488	0.0	2748
TerriglobusaquaticusHQ436501a	TerSpeciA	100.000	1448	0	0	1	1448	1	1448	0.0	2675
GranulicellacerasiAB548308	AB548308.1.1425	100.000	1425	0	0	1	1425	1	1425	0.0	2625
EdaphobactermodestusDQ528760	EobModes	100.000	1438	0	0	1	1438	1	1438	0.0	2656
EdaphobactermodestusDQ528760	AB245339.1.1430	99.440	1428	8	0	5	1432	1	1428	0.0	2593
EdaphobactermodestusDQ528760	FJ870380.1.1418	99.436	1418	8	0	13	1430	1	1418	0.0	2575
EdaphobactermodestusDQ528760	GU187038.1.1394	99.211	1394	10	1	27	1419	1	1394	0.0	2512
EdaphobactermodestusDQ528760	GU187037.1.1378	99.274	1378	10	0	41	1418	1	1378	0.0	2490
EdaphobactermodestusDQ528760	GU187028.1.1369	99.270	1369	10	0	38	1406	1	1369	0.0	2473
EdaphobactermodestusDQ528760	HM277360.1.1321	99.167	1321	11	0	9	1329	1	1321	0.0	2379
AY587227AcidobacteriaceaebacteriumKBS89	AY587227.1.1418	100.000	1418	0	0	1	1418	1	1418	0.0	2619
AY587227AcidobacteriaceaebacteriumKBS89	JF833524.1.1453	99.717	1415	4	0	4	1418	1	1415	0.0	2591
AY587227AcidobacteriaceaebacteriumKBS89	FJ625371.1.1495	99.435	1416	8	0	1	1416	26	1441	0.0	2571
AY587227AcidobacteriaceaebacteriumKBS89	EU150226.1.1462	99.366	1419	8	1	1	1418	25	1443	0.0	2569
AY587227AcidobacteriaceaebacteriumKBS89	Wn0Sey11	99.295	1418	10	0	1	1418	18	1435	0.0	2564
AY587227AcidobacteriaceaebacteriumKBS89	HM062091.1.1418	99.224	1418	11	0	1	1418	1	1418	0.0	2558
AY587227AcidobacteriaceaebacteriumKBS89	HewYy181	99.224	1418	11	0	1	1418	18	1435	0.0	2558
AY587227AcidobacteriaceaebacteriumKBS89	Wn0Se157	99.224	1418	11	0	1	1418	18	1435	0.0	2558
AY587227AcidobacteriaceaebacteriumKBS89	Wn0Sey42	99.083	1418	12	1	1	1418	18	1434	0.0	2545
AY587227AcidobacteriaceaebacteriumKBS89	EU150220.1.1461	99.013	1418	14	0	1	1418	25	1442	0.0	2542
AY587227AcidobacteriaceaebacteriumKBS89	AewYy147	99.013	1418	14	0	1	1418	18	1435	0.0	2542
AY587227AcidobacteriaceaebacteriumKBS89	JN024048.1.1453	99.288	1404	10	0	15	1418	1	1404	0.0	2538
AY587227AcidobacteriaceaebacteriumKBS89	JN023345.1.1453	99.217	1404	11	0	15	1418	1	1404	0.0	2532
AY587227AcidobacteriaceaebacteriumKBS89	JN023908.1.1453	99.145	1404	12	0	15	1418	1	1404	0.0	2527
AY587227AcidobacteriaceaebacteriumKBS89	JN023241.1.1453	99.145	1404	12	0	15	1418	1	1404	0.0	2527
AY587227AcidobacteriaceaebacteriumKBS89	JN023372.1.1453	99.145	1404	12	0	15	1418	1	1404	0.0	2527
AY587227AcidobacteriaceaebacteriumKBS89	JN024021.1.1453	99.074	1404	13	0	15	1418	1	1404	0.0	2521
AY587227AcidobacteriaceaebacteriumKBS89	JN023772.1.1453	99.074	1404	13	0	15	1418	1	1404	0.0	2521
AY587227AcidobacteriaceaebacteriumKBS89	JN023316.1.1453	99.074	1404	13	0	15	1418	1	1404	0.0	2521
AY587227AcidobacteriaceaebacteriumKBS89	JN023273.1.1453	99.074	1404	13	0	15	1418	1	1404	0.0	2521
AY587227AcidobacteriaceaebacteriumKBS89	JN023114.1.1454	99.075	1406	10	3	15	1418	1	1405	0.0	2521
AY587227AcidobacteriaceaebacteriumKBS89	JN023432.1.1453	99.003	1404	14	0	15	1418	1	1404	0.0	2516
AY587227AcidobacteriaceaebacteriumKBS89	JN023142.1.1454	99.004	1405	13	1	15	1418	1	1405	0.0	2516
AY587227AcidobacteriaceaebacteriumKBS89	JN023117.1.1453	99.003	1404	14	0	15	1418	1	1404	0.0	2516
AY587227AcidobacteriaceaebacteriumKBS89	JN023181.1.1452	99.003	1404	13	1	15	1418	1	1403	0.0	2514
AY587230AcidobacteriaceaebacteriumTAA166	AY587230.1.1418	100.000	1418	0	0	1	1418	1	1418	0.0	2619
TerracidiphilusgabretensisKP120762	FJ466374.1.1415	99.567	1387	6	0	14	1400	1	1387	0.0	2529
BryobacteraggregatusMPL3,DSM18758TAM162405	BbcAggre	100.000	1391	0	0	1	1391	1	1391	0.0	2569
BryobacteraggregatusMPL3,DSM18758TAM162405	AM887762.1.1406	99.928	1391	0	1	1	1391	16	1405	0.0	2562
BryobacteraggregatusMOB76AM887762	AM887762.1.1406	100.000	1406	0	0	1	1406	1	1406	0.0	2597
BryobacteraggregatusMOB76AM887762	BbcAggre	99.928	1391	0	1	16	1405	1	1391	0.0	2562
BryobacteraggregatusMPL1011AM887761	AM887762.1.1406	100.000	1404	0	0	1	1404	3	1406	0.0	2593
BryobacteraggregatusMPL1011AM887761	BbcAggre	99.928	1391	0	1	14	1403	1	1391	0.0	2562
A4SHP52	JQ798528.1.1457	99.040	1458	12	2	1	1457	1	1457	0.0	2614
A4SHP52	EF019878.1.1345	99.034	1346	11	2	2	1346	1	1345	0.0	2412
A4SHP52	HM062195.1.1401	100.000	29	0	0	1410	1438	1373	1401	8.70e-07	54.7
PaludibaculumfermentansKJ461654	AY661978.1.1490	99.646	1412	4	1	1	1412	2	1412	0.0	2579
BlastocatellafastidiosaA2.16JQ309130	A2_16	100.000	1445	0	0	1	1445	1	1445	0.0	2669
AridibacterfamiduransKF245634	A22_HD_4H_full	100.000	1478	0	0	1	1478	1	1478	0.0	2730
AridibacterkavangonensisKF245633	Ac_23_E3_full	100.000	1484	0	0	1	1484	1	1484	0.0	2741
A24.SHP-5.238ARB.8106BD98	AB637077.1.1479	99.392	1481	5	4	1	1479	1	1479	0.0	2682
A24.SHP-5.238ARB.8106BD98	JF139787.1.1342	99.031	1342	11	2	21	1360	1	1342	0.0	2405
BrevitaleacellulosilyticaAc.11.E3KF840370	Ac_11_E3_full	99.935	1528	1	0	1	1528	1	1528	0.0	2819
ArenimicrobiumluteumAc.12.G8KM659878	Ac_12_G8_full	99.934	1521	1	0	1	1521	1	1521	0.0	2806
StenotrophobacterroseusAc.15.C4KP638489	Ac_15_C4_full	100.000	1483	0	0	1	1483	1	1483	0.0	2739
StenotrophobacterroseusAc.15.C4KP638489	JQ408019.1.1341	99.180	1341	11	0	21	1361	1	1341	0.0	2416
StenotrophobacternamibiensisAc.17.F2KP638491	Ac_15_C4_full	99.192	1485	8	4	1	1483	1	1483	0.0	2673
TellurimicrobiummultivoransAc.18.E7KP334257	Ac_18_E7_full	100.000	1485	0	0	1	1485	1	1485	0.0	2743
StenotrophobacterterraeAc.28.D10KF840371	Ac_28_D10_full	100.000	1484	0	0	1	1484	1	1484	0.0	2741
StenotrophobacterterraeAc.28.D10KF840371	DQ071127.1.1445	99.862	1445	2	0	21	1465	1	1445	0.0	2658
StenotrophobacterterraeAc.28.D10KF840371	GU187032.1.1400	99.786	1400	3	0	42	1441	1	1400	0.0	2569
StenotrophobacterterraeAc.28.D10KF840371	AY922155.1.1377	99.855	1375	2	0	2	1376	1	1375	0.0	2529
StenotrophobacterterraeAc.28.D10KF840371	JF231370.1.1342	99.776	1342	3	0	21	1362	1	1342	0.0	2462
StenotrophobacterterraeAc.28.D10KF840371	JF178172.1.1342	99.627	1342	5	0	21	1362	1	1342	0.0	2451
StenotrophobacterterraeAc.28.D10KF840371	JF204072.1.1342	99.180	1342	11	0	21	1362	1	1342	0.0	2418
PyrinomonasmethylalipathogenesAM749787	AciBacteA	100.000	1432	0	0	1	1432	1	1432	0.0	2645
HEG.6.39	HewYy071	99.533	1498	7	0	9	1506	1	1498	0.0	2728
VicinamibacterokasilvestrisAc.5.C6KP761690	Ac_5_C6	100.000	1515	0	0	1	1515	1	1515	0.0	2798
VicinamibacterokasilvestrisAc.5.C6KP761690	GU187030.1.1456	99.313	1456	10	0	38	1493	1	1456	0.0	2634
VicinamibacterokasilvestrisAc.5.C6KP761690	GU187040.1.1434	99.092	1431	13	0	43	1473	1	1431	0.0	2571
AcanthopleuribacterpedisAB303221	AtlPedis	100.000	1453	0	0	1	1453	1	1453	0.0	2684
GeothrixfermentansU41563	I12Ferme	100.000	1448	0	0	1	1448	1	1448	0.0	2671
GeothrixfermentansU41563	EU331375.1.1462	99.862	1448	2	0	1	1448	3	1450	0.0	2665
GeothrixfermentansU41563	JQ996662.1.1535	99.102	1448	11	2	1	1448	24	1469	0.0	2603
GeothrixfermentansU41563	JN539530.1.1495	100.000	35	0	0	1	35	16	50	3.99e-10	65.8
GeothrixfermentansU41563	HM187058.1.1481	100.000	35	0	0	1	35	4	38	3.99e-10	65.8
GeothrixfermentansU41563	FJ202764.1.1507	100.000	35	0	0	1	35	13	47	3.99e-10	65.8
GeothrixfermentansU41563	DQ395012.1.1513	100.000	35	0	0	1	35	23	57	3.99e-10	65.8
GeothrixfermentansU41563	AY395339.1.1463	100.000	35	0	0	1	35	3	37	3.99e-10	65.8
GeothrixfermentansU41563	AM712325.1.1518	100.000	35	0	0	1	35	22	56	3.99e-10	65.8
GeothrixfermentansU41563	HM445428.1.1519	100.000	34	0	0	2	35	24	57	1.44e-09	63.9
GeothrixfermentansU41563	JX505284.1.1474	100.000	33	0	0	3	35	5	37	5.17e-09	62.1
GeothrixfermentansU41563	JX133276.1.1463	100.000	33	0	0	3	35	25	57	5.17e-09	62.1
GeothrixfermentansU41563	JX133287.1.1460	100.000	33	0	0	3	35	25	57	5.17e-09	62.1
GeothrixfermentansU41563	JQ861280.1.1482	100.000	33	0	0	3	35	32	64	5.17e-09	62.1
GeothrixfermentansU41563	JQ861293.1.1470	100.000	33	0	0	3	35	29	61	5.17e-09	62.1
GeothrixfermentansU41563	JQ800778.1.1516	100.000	33	0	0	3	35	25	57	5.17e-09	62.1
GeothrixfermentansU41563	JN886891.1.1521	100.000	33	0	0	3	35	26	58	5.17e-09	62.1
GeothrixfermentansU41563	JN886865.1.1520	100.000	33	0	0	3	35	26	58	5.17e-09	62.1
GeothrixfermentansU41563	JN860343.1.1497	100.000	33	0	0	3	35	25	57	5.17e-09	62.1
GeothrixfermentansU41563	JN537212.1.1503	100.000	33	0	0	3	35	19	51	5.17e-09	62.1
GeothrixfermentansU41563	JN166311.1.1524	100.000	33	0	0	3	35	25	57	5.17e-09	62.1
GeothrixfermentansU41563	JF833924.1.1464	100.000	33	0	0	3	35	24	56	5.17e-09	62.1
GeothrixfermentansU41563	JF833463.1.1472	100.000	33	0	0	3	35	28	60	5.17e-09	62.1
GeothrixfermentansU41563	JF727720.1.1495	100.000	33	0	0	3	35	25	57	5.17e-09	62.1
GeothrixfermentansU41563	JF429069.1.1487	100.000	33	0	0	3	35	32	64	5.17e-09	62.1
GeothrixfermentansU41563	HQ729836.1.1475	100.000	33	0	0	3	35	18	50	5.17e-09	62.1
GeothrixfermentansU41563	HQ674937.1.1489	100.000	33	0	0	3	35	28	60	5.17e-09	62.1
GeothrixfermentansU41563	HQ190353.1.1485	100.000	33	0	0	3	35	27	59	5.17e-09	62.1
GeothrixfermentansU41563	HQ190298.1.1492	100.000	33	0	0	3	35	29	61	5.17e-09	62.1
GeothrixfermentansU41563	HM445352.1.1482	100.000	33	0	0	3	35	25	57	5.17e-09	62.1
GeothrixfermentansU41563	HM748695.1.1420	100.000	33	0	0	3	35	5	37	5.17e-09	62.1
GeothrixfermentansU41563	HM748676.1.1419	100.000	33	0	0	3	35	5	37	5.17e-09	62.1
GeothrixfermentansU41563	HM062460.1.1420	100.000	33	0	0	3	35	1	33	5.17e-09	62.1
GeothrixfermentansU41563	HM187122.1.1455	100.000	33	0	0	3	35	6	38	5.17e-09	62.1
GeothrixfermentansU41563	HM062143.1.1449	100.000	33	0	0	3	35	1	33	5.17e-09	62.1
GeothrixfermentansU41563	HM061753.1.1420	100.000	33	0	0	3	35	1	33	5.17e-09	62.1
GeothrixfermentansU41563	HM186458.1.1500	100.000	33	0	0	3	35	26	58	5.17e-09	62.1
GeothrixfermentansU41563	HM062159.1.1421	100.000	33	0	0	3	35	1	33	5.17e-09	62.1
GeothrixfermentansU41563	HM062036.1.1420	100.000	33	0	0	3	35	1	33	5.17e-09	62.1
GeothrixfermentansU41563	HM062005.1.1474	100.000	33	0	0	3	35	1	33	5.17e-09	62.1
GeothrixfermentansU41563	HM061989.1.1420	100.000	33	0	0	3	35	1	33	5.17e-09	62.1
GeothrixfermentansU41563	GU127820.1.1428	100.000	33	0	0	3	35	8	40	5.17e-09	62.1
GeothrixfermentansU41563	GQ487979.1.1478	100.000	33	0	0	3	35	25	57	5.17e-09	62.1
GeothrixfermentansU41563	FR687436.1.1479	100.000	33	0	0	3	35	25	57	5.17e-09	62.1
GeothrixfermentansU41563	GQ402599.1.1422	100.000	33	0	0	3	35	5	37	5.17e-09	62.1
GeothrixfermentansU41563	FJ810547.1.1484	100.000	33	0	0	3	35	25	57	5.17e-09	62.1
GeothrixfermentansU41563	FN553484.1.1509	100.000	33	0	0	3	35	25	57	5.17e-09	62.1
GeothrixfermentansU41563	FJ625368.1.1496	100.000	33	0	0	3	35	26	58	5.17e-09	62.1
GeothrixfermentansU41563	FJ625315.1.1452	100.000	33	0	0	3	35	26	58	5.17e-09	62.1
GeothrixfermentansU41563	FJ624925.1.1472	100.000	33	0	0	3	35	26	58	5.17e-09	62.1
GeothrixfermentansU41563	FJ538152.1.1483	100.000	33	0	0	3	35	28	60	5.17e-09	62.1
GeothrixfermentansU41563	FJ466167.1.1390	100.000	33	0	0	3	35	4	36	5.17e-09	62.1
GeothrixfermentansU41563	FJ466123.1.1419	100.000	33	0	0	3	35	1	33	5.17e-09	62.1
GeothrixfermentansU41563	FJ269286.1.1526	100.000	33	0	0	3	35	25	57	5.17e-09	62.1
GeothrixfermentansU41563	EU735013.1.1517	100.000	33	0	0	3	35	25	57	5.17e-09	62.1
GeothrixfermentansU41563	EU491650.1.1482	100.000	33	0	0	3	35	5	37	5.17e-09	62.1
GeothrixfermentansU41563	EU881312.1.1492	100.000	33	0	0	3	35	26	58	5.17e-09	62.1
GeothrixfermentansU41563	EU335297.1.1466	100.000	33	0	0	3	35	25	57	5.17e-09	62.1
GeothrixfermentansU41563	EU680459.1.1457	100.000	33	0	0	3	35	25	57	5.17e-09	62.1
GeothrixfermentansU41563	EF999365.1.1516	100.000	33	0	0	3	35	26	58	5.17e-09	62.1
GeothrixfermentansU41563	EU150219.1.1465	100.000	33	0	0	3	35	25	57	5.17e-09	62.1
GeothrixfermentansU41563	EF516977.1.1424	100.000	33	0	0	3	35	3	35	5.17e-09	62.1
GeothrixfermentansU41563	EU048694.1.1480	100.000	33	0	0	3	35	5	37	5.17e-09	62.1
GeothrixfermentansU41563	EF688338.1.1530	100.000	33	0	0	3	35	25	57	5.17e-09	62.1
GeothrixfermentansU41563	EF492947.1.1479	100.000	33	0	0	3	35	25	57	5.17e-09	62.1
GeothrixfermentansU41563	EU335377.1.1484	100.000	33	0	0	3	35	26	58	5.17e-09	62.1
GeothrixfermentansU41563	EU335304.1.1485	100.000	33	0	0	3	35	26	58	5.17e-09	62.1
GeothrixfermentansU41563	EF515970.1.1429	100.000	33	0	0	3	35	8	40	5.17e-09	62.1
GeothrixfermentansU41563	EF516549.1.1425	100.000	33	0	0	3	35	3	35	5.17e-09	62.1
GeothrixfermentansU41563	DQ451447.1.1458	100.000	33	0	0	3	35	23	55	5.17e-09	62.1
GeothrixfermentansU41563	AY963341.1.1426	100.000	33	0	0	3	35	5	37	5.17e-09	62.1
GeothrixfermentansU41563	AY963464.1.1424	100.000	33	0	0	3	35	5	37	5.17e-09	62.1
GeothrixfermentansU41563	AY963351.1.1424	100.000	33	0	0	3	35	5	37	5.17e-09	62.1
GeothrixfermentansU41563	AY963346.1.1426	100.000	33	0	0	3	35	5	37	5.17e-09	62.1
GeothrixfermentansU41563	AY913396.1.1429	100.000	33	0	0	3	35	5	37	5.17e-09	62.1
GeothrixfermentansU41563	AY395427.1.1407	100.000	33	0	0	3	35	5	37	5.17e-09	62.1
GeothrixfermentansU41563	AY395361.1.1399	100.000	33	0	0	3	35	5	37	5.17e-09	62.1
GeothrixfermentansU41563	AY225640.1.1468	100.000	33	0	0	3	35	2	34	5.17e-09	62.1
GeothrixfermentansU41563	AM162431.1.1487	100.000	33	0	0	3	35	24	56	5.17e-09	62.1
GeothrixfermentansU41563	AJ292581.1.1463	100.000	33	0	0	3	35	24	56	5.17e-09	62.1
GeothrixfermentansU41563	AF200699.1.1466	100.000	33	0	0	3	35	25	57	5.17e-09	62.1
GeothrixfermentansU41563	AB672264.1.1424	100.000	33	0	0	3	35	5	37	5.17e-09	62.1
GeothrixfermentansU41563	AB672296.1.1440	100.000	33	0	0	3	35	5	37	5.17e-09	62.1
GeothrixfermentansU41563	AB672174.1.1424	100.000	33	0	0	3	35	5	37	5.17e-09	62.1
GeothrixfermentansU41563	AB364812.1.1424	100.000	33	0	0	3	35	5	37	5.17e-09	62.1
GeothrixfermentansU41563	AB364800.1.1440	100.000	33	0	0	3	35	5	37	5.17e-09	62.1
GeothrixfermentansU41563	Yq3Yy286	100.000	33	0	0	3	35	18	50	5.17e-09	62.1
GeothrixfermentansU41563	Yq3Yy278	100.000	33	0	0	3	35	18	50	5.17e-09	62.1
GeothrixfermentansU41563	Yq3Yyy87	100.000	33	0	0	3	35	18	50	5.17e-09	62.1
GeothrixfermentansU41563	Wn0Sey70	100.000	33	0	0	3	35	18	50	5.17e-09	62.1
GeothrixfermentansU41563	Yq2He311	100.000	33	0	0	3	35	18	50	5.17e-09	62.1
GeothrixfermentansU41563	Wm2AeY66	100.000	33	0	0	3	35	18	50	5.17e-09	62.1
GeothrixfermentansU41563	Yq2He233	100.000	33	0	0	3	35	18	50	5.17e-09	62.1
GeothrixfermentansU41563	HewYy306	100.000	33	0	0	3	35	18	50	5.17e-09	62.1
GeothrixfermentansU41563	HewYy252	100.000	33	0	0	3	35	18	50	5.17e-09	62.1
GeothrixfermentansU41563	HewYy165	100.000	33	0	0	3	35	18	50	5.17e-09	62.1
GeothrixfermentansU41563	HewYy150	100.000	33	0	0	3	35	18	50	5.17e-09	62.1
GeothrixfermentansU41563	HewYy140	100.000	33	0	0	3	35	18	50	5.17e-09	62.1
GeothrixfermentansU41563	HewYy133	100.000	33	0	0	3	35	18	50	5.17e-09	62.1
GeothrixfermentansU41563	HewYy121	100.000	33	0	0	3	35	18	50	5.17e-09	62.1
GeothrixfermentansU41563	HewYy084	100.000	33	0	0	3	35	18	50	5.17e-09	62.1
GeothrixfermentansU41563	HewYy054	100.000	33	0	0	3	35	18	50	5.17e-09	62.1
GeothrixfermentansU41563	HewYy050	100.000	33	0	0	3	35	18	50	5.17e-09	62.1
GeothrixfermentansU41563	HewYy004	100.000	33	0	0	3	35	18	50	5.17e-09	62.1
GeothrixfermentansU41563	Wn0Se299	100.000	33	0	0	3	35	18	50	5.17e-09	62.1
GeothrixfermentansU41563	Wn0Se294	100.000	33	0	0	3	35	18	50	5.17e-09	62.1
GeothrixfermentansU41563	Wn0Se289	100.000	33	0	0	3	35	18	50	5.17e-09	62.1
GeothrixfermentansU41563	Wn0Se286	100.000	33	0	0	3	35	18	50	5.17e-09	62.1
GeothrixfermentansU41563	Wn0Se283	100.000	33	0	0	3	35	18	50	5.17e-09	62.1
GeothrixfermentansU41563	Wn0Se270	100.000	33	0	0	3	35	18	50	5.17e-09	62.1
GeothrixfermentansU41563	Wn0Se249	100.000	33	0	0	3	35	18	50	5.17e-09	62.1
GeothrixfermentansU41563	Wn0Se245	100.000	33	0	0	3	35	18	50	5.17e-09	62.1
GeothrixfermentansU41563	Wn0Se244	100.000	33	0	0	3	35	18	50	5.17e-09	62.1
GeothrixfermentansU41563	Wn0Se227	100.000	33	0	0	3	35	18	50	5.17e-09	62.1
GeothrixfermentansU41563	Wn0Se226	100.000	33	0	0	3	35	18	50	5.17e-09	62.1
GeothrixfermentansU41563	Wn0Se221	100.000	33	0	0	3	35	18	50	5.17e-09	62.1
GeothrixfermentansU41563	Wn0Se212	100.000	33	0	0	3	35	18	50	5.17e-09	62.1
GeothrixfermentansU41563	Wn0Se195	100.000	33	0	0	3	35	18	50	5.17e-09	62.1
GeothrixfermentansU41563	Wn0Se189	100.000	33	0	0	3	35	18	50	5.17e-09	62.1
GeothrixfermentansU41563	Wn0Se185	100.000	33	0	0	3	35	18	50	5.17e-09	62.1
GeothrixfermentansU41563	Wn0Se168	100.000	33	0	0	3	35	18	50	5.17e-09	62.1
GeothrixfermentansU41563	Wn0Se167	100.000	33	0	0	3	35	18	50	5.17e-09	62.1
GeothrixfermentansU41563	Wn0Se149	100.000	33	0	0	3	35	18	50	5.17e-09	62.1
GeothrixfermentansU41563	Wn0Se137	100.000	33	0	0	3	35	18	50	5.17e-09	62.1
GeothrixfermentansU41563	Wn0Se135	100.000	33	0	0	3	35	18	50	5.17e-09	62.1
GeothrixfermentansU41563	Wn0Se128	100.000	33	0	0	3	35	18	50	5.17e-09	62.1
GeothrixfermentansU41563	Wn0Se124	100.000	33	0	0	3	35	18	50	5.17e-09	62.1
GeothrixfermentansU41563	Wn0Se119	100.000	33	0	0	3	35	18	50	5.17e-09	62.1
GeothrixfermentansU41563	Wn0Se117	100.000	33	0	0	3	35	18	50	5.17e-09	62.1
GeothrixfermentansU41563	Wn0Se104	100.000	33	0	0	3	35	18	50	5.17e-09	62.1
GeothrixfermentansU41563	Wn0Sey88	100.000	33	0	0	3	35	18	50	5.17e-09	62.1
GeothrixfermentansU41563	Wn0Sey84	100.000	33	0	0	3	35	18	50	5.17e-09	62.1
GeothrixfermentansU41563	Wn0Sey82	100.000	33	0	0	3	35	18	50	5.17e-09	62.1
GeothrixfermentansU41563	Wn0Sey76	100.000	33	0	0	3	35	18	50	5.17e-09	62.1
GeothrixfermentansU41563	Wn0Sey69	100.000	33	0	0	3	35	18	50	5.17e-09	62.1
GeothrixfermentansU41563	Wn0Sey61	100.000	33	0	0	3	35	18	50	5.17e-09	62.1
GeothrixfermentansU41563	Wn0Sey57	100.000	33	0	0	3	35	18	50	5.17e-09	62.1
GeothrixfermentansU41563	Wn0Sey45	100.000	33	0	0	3	35	18	50	5.17e-09	62.1
GeothrixfermentansU41563	Wn0Sey36	100.000	33	0	0	3	35	18	50	5.17e-09	62.1
GeothrixfermentansU41563	Wn0Sey35	100.000	33	0	0	3	35	18	50	5.17e-09	62.1
GeothrixfermentansU41563	Wn0Sey23	100.000	33	0	0	3	35	18	50	5.17e-09	62.1
GeothrixfermentansU41563	Wn0Sey18	100.000	33	0	0	3	35	18	50	5.17e-09	62.1
GeothrixfermentansU41563	Wn0Seyy2	100.000	33	0	0	3	35	18	50	5.17e-09	62.1
GeothrixfermentansU41563	Wn0Syyyy	100.000	33	0	0	3	35	18	50	5.17e-09	62.1
GeothrixfermentansU41563	AewYy186	100.000	33	0	0	3	35	18	50	5.17e-09	62.1
GeothrixfermentansU41563	AewYy145	100.000	33	0	0	3	35	18	50	5.17e-09	62.1
GeothrixfermentansU41563	AewYy129	100.000	33	0	0	3	35	18	50	5.17e-09	62.1
GeothrixfermentansU41563	AewYy009	100.000	33	0	0	3	35	18	50	5.17e-09	62.1
GeothrixfermentansU41563	AewYyy83	100.000	33	0	0	3	35	18	50	5.17e-09	62.1
GeothrixfermentansU41563	AewYyy69	100.000	33	0	0	3	35	18	50	5.17e-09	62.1
GeothrixfermentansU41563	AewYyy28	100.000	33	0	0	3	35	18	50	5.17e-09	62.1
GeothrixfermentansU41563	AewYyy25	100.000	33	0	0	3	35	18	50	5.17e-09	62.1
GeothrixfermentansU41563	EF516131.1.1424	100.000	32	0	0	4	35	1	32	1.86e-08	60.2
GeothrixfermentansU41563	EF516010.1.1417	100.000	32	0	0	4	35	1	32	1.86e-08	60.2
GeothrixfermentansU41563	EF515996.1.1441	100.000	32	0	0	4	35	25	56	1.86e-08	60.2
GeothrixfermentansU41563	EF516483.1.1405	100.000	32	0	0	4	35	1	32	1.86e-08	60.2
GeothrixfermentansU41563	EF516018.1.1404	100.000	32	0	0	4	35	1	32	1.86e-08	60.2
GeothrixfermentansU41563	EF516015.1.1421	100.000	32	0	0	4	35	1	32	1.86e-08	60.2
GeothrixfermentansU41563	JF833834.1.1405	100.000	31	0	0	5	35	1	31	6.68e-08	58.4
GeothrixfermentansU41563	HQ729871.1.1506	100.000	31	0	0	3	33	18	48	6.68e-08	58.4
GeothrixfermentansU41563	FJ466215.1.1394	100.000	31	0	0	5	35	1	31	6.68e-08	58.4
GeothrixfermentansU41563	EF516695.1.1416	100.000	31	0	0	5	35	1	31	6.68e-08	58.4
GeothrixfermentansU41563	EF516652.1.1436	100.000	31	0	0	5	35	1	31	6.68e-08	58.4
GeothrixfermentansU41563	EF516376.1.1414	100.000	29	0	0	7	35	1	29	8.65e-07	54.7
GeothrixfermentansU41563	JF833567.1.1418	100.000	28	0	0	8	35	1	28	3.11e-06	52.8
GeothrixfermentansU41563	EF516296.1.1415	100.000	28	0	0	8	35	1	28	3.11e-06	52.8
GeothrixfermentansU41563	EF516445.1.1402	100.000	28	0	0	8	35	1	28	3.11e-06	52.8
HolophagafoetidaX77215	HhgFoet2	100.000	1501	0	0	1	1501	1	1501	0.0	2769
HolophagafoetidaX77215	AGSB01000040.1250.2779	99.666	1499	3	2	1	1497	2	1500	0.0	2741
HolophagafoetidaX77215	EF516272.1.1417	100.000	29	0	0	28	56	2	30	8.97e-07	54.7
HolophagafoetidaX77215	JF833567.1.1418	100.000	28	0	0	29	56	1	28	3.23e-06	52.8
ThermotomaculumhydrothermaleAB612241	TtmHydro	100.000	1412	0	0	1	1412	1	1412	0.0	2608
ThermoanaerobaculumaquaticumJX420244	BactMP01A	100.000	1464	0	0	1	1464	1	1464	0.0	2704
ThermoanaerobaculumaquaticumJX420244	JX125561.1.1518	99.932	1464	1	0	1	1464	21	1484	0.0	2699
GU187028AcidobacteriabacteriumIGE012	GU187028.1.1369	100.000	1369	0	0	1	1369	1	1369	0.0	2529
GU187028AcidobacteriabacteriumIGE012	GU187038.1.1394	99.708	1369	4	0	1	1369	13	1381	0.0	2507
GU187028AcidobacteriabacteriumIGE012	GU187037.1.1378	99.707	1366	4	0	4	1369	1	1366	0.0	2501
GU187028AcidobacteriabacteriumIGE012	GU260699.6.1676	99.489	1369	7	0	1	1369	57	1425	0.0	2490
GU187028AcidobacteriabacteriumIGE012	HM062060.1.1418	99.416	1369	8	0	1	1369	26	1394	0.0	2484
GU187028AcidobacteriabacteriumIGE012	EobModes	99.270	1369	10	0	1	1369	38	1406	0.0	2473
GU187028AcidobacteriabacteriumIGE012	FJ004669.1.1320	99.385	1301	8	0	1	1301	20	1320	0.0	2359
GU187038AcidobacteriabacteriumIGE013	GU187038.1.1394	100.000	1394	0	0	1	1394	1	1394	0.0	2575
GU187038AcidobacteriabacteriumIGE013	GU187037.1.1378	100.000	1378	0	0	16	1393	1	1378	0.0	2545
GU187038AcidobacteriabacteriumIGE013	EobModes	99.211	1394	10	1	1	1394	27	1419	0.0	2512
GU187038AcidobacteriabacteriumIGE013	GU187028.1.1369	99.708	1369	4	0	13	1381	1	1369	0.0	2507
GU187038AcidobacteriabacteriumIGE013	GU260699.6.1676	99.139	1394	11	1	1	1394	46	1438	0.0	2507
GU187038AcidobacteriabacteriumIGE013	JQ798505.1.1461	99.067	1394	12	1	1	1394	39	1431	0.0	2501
GU187038AcidobacteriabacteriumIGE013	HM062060.1.1418	99.067	1394	12	1	1	1394	15	1407	0.0	2501
GU187038AcidobacteriabacteriumIGE013	FJ870380.1.1418	99.067	1394	12	1	1	1394	15	1407	0.0	2501
GU187038AcidobacteriabacteriumIGE013	AB245339.1.1430	99.067	1394	12	1	1	1394	23	1415	0.0	2501
GU187038AcidobacteriabacteriumIGE013	FJ004669.1.1320	99.010	1313	12	1	1	1313	9	1320	0.0	2351
GU187038AcidobacteriabacteriumIGE013	JF185640.1.1321	99.003	1304	12	1	1	1304	19	1321	0.0	2335
GU187037AcidobacteriabacteriumIGE014	GU187038.1.1394	100.000	1378	0	0	1	1378	16	1393	0.0	2545
GU187037AcidobacteriabacteriumIGE014	GU187037.1.1378	100.000	1378	0	0	1	1378	1	1378	0.0	2545
GU187037AcidobacteriabacteriumIGE014	GU187028.1.1369	99.707	1366	4	0	1	1366	4	1369	0.0	2501
GU187037AcidobacteriabacteriumIGE014	EobModes	99.274	1378	10	0	1	1378	41	1418	0.0	2490
GU187037AcidobacteriabacteriumIGE014	GU260699.6.1676	99.202	1378	11	0	1	1378	60	1437	0.0	2484
GU187037AcidobacteriabacteriumIGE014	JQ798505.1.1461	99.129	1378	12	0	1	1378	53	1430	0.0	2479
GU187037AcidobacteriabacteriumIGE014	HM062060.1.1418	99.129	1378	12	0	1	1378	29	1406	0.0	2479
GU187037AcidobacteriabacteriumIGE014	FJ870380.1.1418	99.129	1378	12	0	1	1378	29	1406	0.0	2479
GU187037AcidobacteriabacteriumIGE014	AB245339.1.1430	99.129	1378	12	0	1	1378	37	1414	0.0	2479
GU187037AcidobacteriabacteriumIGE014	FJ004669.1.1320	99.076	1298	12	0	1	1298	23	1320	0.0	2331
GU187037AcidobacteriabacteriumIGE014	JF185640.1.1321	99.069	1289	12	0	1	1289	33	1321	0.0	2314
GU187034AcidobacteriabacteriumIGE015	GU187034.1.1397	100.000	1397	0	0	1	1397	1	1397	0.0	2580
GU187035AcidobacteriabacteriumIGE016	GU187035.1.1348	100.000	1348	0	0	1	1348	1	1348	0.0	2490
GU187032AcidobacteriabacteriumIGE017	GU187032.1.1400	100.000	1400	0	0	1	1400	1	1400	0.0	2586
GU187032AcidobacteriabacteriumIGE017	Ac_28_D10_full	99.786	1400	3	0	1	1400	42	1441	0.0	2569
GU187032AcidobacteriabacteriumIGE017	DQ071127.1.1445	99.643	1400	5	0	1	1400	22	1421	0.0	2558
GU187032AcidobacteriabacteriumIGE017	AY922155.1.1377	99.700	1335	4	0	1	1335	41	1375	0.0	2444
GU187032AcidobacteriabacteriumIGE017	JF178172.1.1342	99.773	1321	3	0	1	1321	22	1342	0.0	2423
GU187032AcidobacteriabacteriumIGE017	JF231370.1.1342	99.621	1321	5	0	1	1321	22	1342	0.0	2412
GU187032AcidobacteriabacteriumIGE017	JF204072.1.1342	99.016	1321	13	0	1	1321	22	1342	0.0	2368
GU187039AcidobacteriabacteriumIGE018	GU187039.1.1395	100.000	1395	0	0	1	1395	1	1395	0.0	2577
GU187039AcidobacteriabacteriumIGE018	HM257503.1.1343	100.000	1316	0	0	1	1316	28	1343	0.0	2431
GU187036AcidobacteriabacteriumIGE001	GU187040.1.1434	99.929	1414	1	0	1	1414	14	1427	0.0	2606
GU187036AcidobacteriabacteriumIGE001	Ac_5_C6	99.010	1414	14	0	1	1414	56	1469	0.0	2534
GU187040AcidobacteriabacteriumIGE002	GU187040.1.1434	100.000	1434	0	0	1	1434	1	1434	0.0	2649
GU187040AcidobacteriabacteriumIGE002	Ac_5_C6	99.092	1431	13	0	1	1431	43	1473	0.0	2571
GU187040AcidobacteriabacteriumIGE002	GU187030.1.1456	99.022	1431	14	0	1	1431	6	1436	0.0	2566
GU187030AcidobacteriabacteriumIGE003	GU187030.1.1456	100.000	1456	0	0	1	1456	1	1456	0.0	2689
GU187030AcidobacteriabacteriumIGE003	Ac_5_C6	99.313	1456	10	0	1	1456	38	1493	0.0	2634
GU187030AcidobacteriabacteriumIGE003	AY703469.1.1506	99.103	1450	12	1	1	1450	38	1486	0.0	2604
GU187030AcidobacteriabacteriumIGE003	GU187040.1.1434	99.022	1431	14	0	6	1436	1	1431	0.0	2566
GU187029AcidobacteriabacteriumIGE004	AY703469.1.1506	99.433	1411	7	1	1	1411	58	1467	0.0	2560
GU187029AcidobacteriabacteriumIGE004	GU187030.1.1456	99.362	1411	9	0	1	1411	21	1431	0.0	2556
GU187029AcidobacteriabacteriumIGE004	Ac_5_C6	99.220	1411	11	0	1	1411	58	1468	0.0	2545
GU187029AcidobacteriabacteriumIGE004	JQ426977.1.1509	99.080	1413	10	3	1	1411	20	1431	0.0	2534
GU187029AcidobacteriabacteriumIGE004	AY289384.1.1451	99.077	1409	13	0	3	1411	13	1421	0.0	2531
GU187033AcidobacteriabacteriumIGE005	DQ139450.1.1509	99.583	1440	5	1	1	1440	39	1477	0.0	2625
GU187033AcidobacteriabacteriumIGE005	GU187030.1.1456	99.306	1440	10	0	1	1440	2	1441	0.0	2604
GU187033AcidobacteriabacteriumIGE005	AY703469.1.1506	99.026	1437	13	1	1	1437	39	1474	0.0	2575
GU187026AcidobacteriabacteriumIGE006	GU187026.1.1415	100.000	1415	0	0	1	1415	1	1415	0.0	2614
GU187026AcidobacteriabacteriumIGE006	GU187023.1.1426	99.929	1416	0	1	1	1415	2	1417	0.0	2608
GU187026AcidobacteriabacteriumIGE006	GU187025.1.1418	99.788	1416	1	2	1	1414	3	1418	0.0	2597
GU187023AcidobacteriabacteriumIGE007	GU187023.1.1426	100.000	1426	0	0	1	1426	1	1426	0.0	2634
GU187023AcidobacteriabacteriumIGE007	GU187026.1.1415	99.929	1416	0	1	2	1417	1	1415	0.0	2608
GU187023AcidobacteriabacteriumIGE007	GU187025.1.1418	99.859	1417	1	1	1	1416	2	1418	0.0	2604
GU187025AcidobacteriabacteriumIGE008	GU187025.1.1418	100.000	1418	0	0	1	1418	1	1418	0.0	2619
GU187025AcidobacteriabacteriumIGE008	GU187023.1.1426	99.859	1417	1	1	2	1418	1	1416	0.0	2604
GU187025AcidobacteriabacteriumIGE008	GU187026.1.1415	99.788	1416	1	2	3	1418	1	1414	0.0	2597
GU187024AcidobacteriabacteriumIGE009	GU187025.1.1418	99.560	1137	3	2	1	1135	282	1418	0.0	2071
GU187024AcidobacteriabacteriumIGE009	GU187023.1.1426	99.560	1136	4	1	1	1135	281	1416	0.0	2069
GU187024AcidobacteriabacteriumIGE009	GU187026.1.1415	99.472	1136	4	2	1	1135	280	1414	0.0	2063
GU187031AcidobacteriabacteriumIGE010	GU187031.1.1456	100.000	1456	0	0	1	1456	1	1456	0.0	2689
GU187027AcidobacteriabacteriumIGE011	GU187027.1.1415	100.000	1415	0	0	1	1415	1	1415	0.0	2614
KC854919.1.1417Bacteria;Acidobacteria;Acidobacteria;Subgroup3;UnknownFamily;Bryobacter;AcidobacteriabacteriumLX128	GU208471.1.1449	100.000	30	0	0	1388	1417	1398	1427	2.35e-07	56.5
KC854919.1.1417Bacteria;Acidobacteria;Acidobacteria;Subgroup3;UnknownFamily;Bryobacter;AcidobacteriabacteriumLX128	JQ923543.1.1444	100.000	29	0	0	1389	1417	1397	1425	8.46e-07	54.7
KC854919.1.1417Bacteria;Acidobacteria;Acidobacteria;Subgroup3;UnknownFamily;Bryobacter;AcidobacteriabacteriumLX128	JQ861296.1.1452	100.000	29	0	0	1389	1417	1402	1430	8.46e-07	54.7
KC854919.1.1417Bacteria;Acidobacteria;Acidobacteria;Subgroup3;UnknownFamily;Bryobacter;AcidobacteriabacteriumLX128	JQ770010.1.1446	100.000	29	0	0	1389	1417	1398	1426	8.46e-07	54.7
KC854919.1.1417Bacteria;Acidobacteria;Acidobacteria;Subgroup3;UnknownFamily;Bryobacter;AcidobacteriabacteriumLX128	JF428911.1.1458	100.000	29	0	0	1389	1417	1399	1427	8.46e-07	54.7
KC854919.1.1417Bacteria;Acidobacteria;Acidobacteria;Subgroup3;UnknownFamily;Bryobacter;AcidobacteriabacteriumLX128	JF428960.1.1482	100.000	29	0	0	1389	1417	1406	1434	8.46e-07	54.7
KC854919.1.1417Bacteria;Acidobacteria;Acidobacteria;Subgroup3;UnknownFamily;Bryobacter;AcidobacteriabacteriumLX128	HQ827986.1.1442	100.000	29	0	0	1389	1417	1395	1423	8.46e-07	54.7
KC854919.1.1417Bacteria;Acidobacteria;Acidobacteria;Subgroup3;UnknownFamily;Bryobacter;AcidobacteriabacteriumLX128	HM062475.1.1403	100.000	29	0	0	1389	1417	1375	1403	8.46e-07	54.7
KC854919.1.1417Bacteria;Acidobacteria;Acidobacteria;Subgroup3;UnknownFamily;Bryobacter;AcidobacteriabacteriumLX128	HM061792.1.1409	100.000	29	0	0	1389	1417	1381	1409	8.46e-07	54.7
KC854919.1.1417Bacteria;Acidobacteria;Acidobacteria;Subgroup3;UnknownFamily;Bryobacter;AcidobacteriabacteriumLX128	HM062474.1.1404	100.000	29	0	0	1389	1417	1376	1404	8.46e-07	54.7
KC854919.1.1417Bacteria;Acidobacteria;Acidobacteria;Subgroup3;UnknownFamily;Bryobacter;AcidobacteriabacteriumLX128	HM062068.1.1402	100.000	29	0	0	1389	1417	1374	1402	8.46e-07	54.7
KC854919.1.1417Bacteria;Acidobacteria;Acidobacteria;Subgroup3;UnknownFamily;Bryobacter;AcidobacteriabacteriumLX128	HM061867.1.1403	100.000	29	0	0	1389	1417	1375	1403	8.46e-07	54.7
KC854919.1.1417Bacteria;Acidobacteria;Acidobacteria;Subgroup3;UnknownFamily;Bryobacter;AcidobacteriabacteriumLX128	HM061793.1.1403	100.000	29	0	0	1389	1417	1375	1403	8.46e-07	54.7
KC854919.1.1417Bacteria;Acidobacteria;Acidobacteria;Subgroup3;UnknownFamily;Bryobacter;AcidobacteriabacteriumLX128	GU598593.1.1449	100.000	29	0	0	1389	1417	1402	1430	8.46e-07	54.7
KC854919.1.1417Bacteria;Acidobacteria;Acidobacteria;Subgroup3;UnknownFamily;Bryobacter;AcidobacteriabacteriumLX128	GQ402655.1.1407	100.000	29	0	0	1389	1417	1379	1407	8.46e-07	54.7
KC854919.1.1417Bacteria;Acidobacteria;Acidobacteria;Subgroup3;UnknownFamily;Bryobacter;AcidobacteriabacteriumLX128	GQ264375.1.1421	100.000	29	0	0	1389	1417	1374	1402	8.46e-07	54.7
KC854919.1.1417Bacteria;Acidobacteria;Acidobacteria;Subgroup3;UnknownFamily;Bryobacter;AcidobacteriabacteriumLX128	GQ264074.1.1432	100.000	29	0	0	1389	1417	1385	1413	8.46e-07	54.7
KC854919.1.1417Bacteria;Acidobacteria;Acidobacteria;Subgroup3;UnknownFamily;Bryobacter;AcidobacteriabacteriumLX128	GQ264266.1.1423	100.000	29	0	0	1389	1417	1377	1405	8.46e-07	54.7
KC854919.1.1417Bacteria;Acidobacteria;Acidobacteria;Subgroup3;UnknownFamily;Bryobacter;AcidobacteriabacteriumLX128	GQ402748.1.1405	100.000	29	0	0	1389	1417	1377	1405	8.46e-07	54.7
KC854919.1.1417Bacteria;Acidobacteria;Acidobacteria;Subgroup3;UnknownFamily;Bryobacter;AcidobacteriabacteriumLX128	GQ264146.1.1424	100.000	29	0	0	1389	1417	1377	1405	8.46e-07	54.7
KC854919.1.1417Bacteria;Acidobacteria;Acidobacteria;Subgroup3;UnknownFamily;Bryobacter;AcidobacteriabacteriumLX128	FJ625384.1.1473	100.000	29	0	0	1389	1417	1398	1426	8.46e-07	54.7
KC854919.1.1417Bacteria;Acidobacteria;Acidobacteria;Subgroup3;UnknownFamily;Bryobacter;AcidobacteriabacteriumLX128	EU881316.1.1449	100.000	29	0	0	1389	1417	1399	1427	8.46e-07	54.7
KC854919.1.1417Bacteria;Acidobacteria;Acidobacteria;Subgroup3;UnknownFamily;Bryobacter;AcidobacteriabacteriumLX128	EU445204.1.1475	100.000	29	0	0	1389	1417	1397	1425	8.46e-07	54.7
KC854919.1.1417Bacteria;Acidobacteria;Acidobacteria;Subgroup3;UnknownFamily;Bryobacter;AcidobacteriabacteriumLX128	EU335292.1.1451	100.000	29	0	0	1389	1417	1401	1429	8.46e-07	54.7
KC854919.1.1417Bacteria;Acidobacteria;Acidobacteria;Subgroup3;UnknownFamily;Bryobacter;AcidobacteriabacteriumLX128	DQ984552.1.1433	100.000	29	0	0	1389	1417	1386	1414	8.46e-07	54.7
KC854919.1.1417Bacteria;Acidobacteria;Acidobacteria;Subgroup3;UnknownFamily;Bryobacter;AcidobacteriabacteriumLX128	EF516113.1.1401	100.000	29	0	0	1389	1417	1373	1401	8.46e-07	54.7
KC854919.1.1417Bacteria;Acidobacteria;Acidobacteria;Subgroup3;UnknownFamily;Bryobacter;AcidobacteriabacteriumLX128	DQ451499.1.1437	100.000	29	0	0	1389	1417	1393	1421	8.46e-07	54.7
KC854919.1.1417Bacteria;Acidobacteria;Acidobacteria;Subgroup3;UnknownFamily;Bryobacter;AcidobacteriabacteriumLX128	EF492908.1.1448	100.000	29	0	0	1389	1417	1399	1427	8.46e-07	54.7
KC854919.1.1417Bacteria;Acidobacteria;Acidobacteria;Subgroup3;UnknownFamily;Bryobacter;AcidobacteriabacteriumLX128	DQ453805.1.1449	100.000	29	0	0	1389	1417	1402	1430	8.46e-07	54.7
KC854919.1.1417Bacteria;Acidobacteria;Acidobacteria;Subgroup3;UnknownFamily;Bryobacter;AcidobacteriabacteriumLX128	EF032754.1.1405	100.000	29	0	0	1389	1417	1377	1405	8.46e-07	54.7
KC854919.1.1417Bacteria;Acidobacteria;Acidobacteria;Subgroup3;UnknownFamily;Bryobacter;AcidobacteriabacteriumLX128	Yq2He177	100.000	29	0	0	1389	1417	1392	1420	8.46e-07	54.7
KC854919.1.1417Bacteria;Acidobacteria;Acidobacteria;Subgroup3;UnknownFamily;Bryobacter;AcidobacteriabacteriumLX128	Wm2AeY12	100.000	29	0	0	1389	1417	1392	1420	8.46e-07	54.7
KC854919.1.1417Bacteria;Acidobacteria;Acidobacteria;Subgroup3;UnknownFamily;Bryobacter;AcidobacteriabacteriumLX128	Wm2Yyy72	100.000	29	0	0	1389	1417	1392	1420	8.46e-07	54.7
KC854919.1.1417Bacteria;Acidobacteria;Acidobacteria;Subgroup3;UnknownFamily;Bryobacter;AcidobacteriabacteriumLX128	Wm2Yyy47	100.000	29	0	0	1389	1417	1392	1420	8.46e-07	54.7
KC854919.1.1417Bacteria;Acidobacteria;Acidobacteria;Subgroup3;UnknownFamily;Bryobacter;AcidobacteriabacteriumLX128	HewYy303	100.000	29	0	0	1389	1417	1392	1420	8.46e-07	54.7
KC854919.1.1417Bacteria;Acidobacteria;Acidobacteria;Subgroup3;UnknownFamily;Bryobacter;AcidobacteriabacteriumLX128	HewYy215	100.000	29	0	0	1389	1417	1389	1417	8.46e-07	54.7
KC854919.1.1417Bacteria;Acidobacteria;Acidobacteria;Subgroup3;UnknownFamily;Bryobacter;AcidobacteriabacteriumLX128	HewYy201	100.000	29	0	0	1389	1417	1392	1420	8.46e-07	54.7
KC854919.1.1417Bacteria;Acidobacteria;Acidobacteria;Subgroup3;UnknownFamily;Bryobacter;AcidobacteriabacteriumLX128	HewYy185	100.000	29	0	0	1389	1417	1391	1419	8.46e-07	54.7
KC854919.1.1417Bacteria;Acidobacteria;Acidobacteria;Subgroup3;UnknownFamily;Bryobacter;AcidobacteriabacteriumLX128	HewYy179	100.000	29	0	0	1389	1417	1398	1426	8.46e-07	54.7
KC854919.1.1417Bacteria;Acidobacteria;Acidobacteria;Subgroup3;UnknownFamily;Bryobacter;AcidobacteriabacteriumLX128	HewYy162	100.000	29	0	0	1389	1417	1391	1419	8.46e-07	54.7
KC854919.1.1417Bacteria;Acidobacteria;Acidobacteria;Subgroup3;UnknownFamily;Bryobacter;AcidobacteriabacteriumLX128	HewYy036	100.000	29	0	0	1389	1417	1396	1424	8.46e-07	54.7
KC854919.1.1417Bacteria;Acidobacteria;Acidobacteria;Subgroup3;UnknownFamily;Bryobacter;AcidobacteriabacteriumLX128	HewYy029	100.000	29	0	0	1389	1417	1390	1418	8.46e-07	54.7
KC854919.1.1417Bacteria;Acidobacteria;Acidobacteria;Subgroup3;UnknownFamily;Bryobacter;AcidobacteriabacteriumLX128	Wn0Se282	100.000	29	0	0	1389	1417	1392	1420	8.46e-07	54.7
KC854919.1.1417Bacteria;Acidobacteria;Acidobacteria;Subgroup3;UnknownFamily;Bryobacter;AcidobacteriabacteriumLX128	Wn0Se255	100.000	29	0	0	1389	1417	1391	1419	8.46e-07	54.7
KC854919.1.1417Bacteria;Acidobacteria;Acidobacteria;Subgroup3;UnknownFamily;Bryobacter;AcidobacteriabacteriumLX128	Wn0Se210	100.000	29	0	0	1389	1417	1392	1420	8.46e-07	54.7
KC854919.1.1417Bacteria;Acidobacteria;Acidobacteria;Subgroup3;UnknownFamily;Bryobacter;AcidobacteriabacteriumLX128	Wn0Se209	100.000	29	0	0	1389	1417	1392	1420	8.46e-07	54.7
KC854919.1.1417Bacteria;Acidobacteria;Acidobacteria;Subgroup3;UnknownFamily;Bryobacter;AcidobacteriabacteriumLX128	Wn0Se207	100.000	29	0	0	1389	1417	1392	1420	8.46e-07	54.7
KC854919.1.1417Bacteria;Acidobacteria;Acidobacteria;Subgroup3;UnknownFamily;Bryobacter;AcidobacteriabacteriumLX128	Wn0Se161	100.000	29	0	0	1389	1417	1390	1418	8.46e-07	54.7
KC854919.1.1417Bacteria;Acidobacteria;Acidobacteria;Subgroup3;UnknownFamily;Bryobacter;AcidobacteriabacteriumLX128	Wn0Se127	100.000	29	0	0	1389	1417	1392	1420	8.46e-07	54.7
KC854919.1.1417Bacteria;Acidobacteria;Acidobacteria;Subgroup3;UnknownFamily;Bryobacter;AcidobacteriabacteriumLX128	Wn0Se115	100.000	29	0	0	1389	1417	1391	1419	8.46e-07	54.7
KC854919.1.1417Bacteria;Acidobacteria;Acidobacteria;Subgroup3;UnknownFamily;Bryobacter;AcidobacteriabacteriumLX128	Wn0Sey37	100.000	29	0	0	1389	1417	1394	1422	8.46e-07	54.7
KC854919.1.1417Bacteria;Acidobacteria;Acidobacteria;Subgroup3;UnknownFamily;Bryobacter;AcidobacteriabacteriumLX128	AewYy193	100.000	29	0	0	1389	1417	1392	1420	8.46e-07	54.7
KC854919.1.1417Bacteria;Acidobacteria;Acidobacteria;Subgroup3;UnknownFamily;Bryobacter;AcidobacteriabacteriumLX128	AewYy136	100.000	29	0	0	1389	1417	1391	1419	8.46e-07	54.7
KC854919.1.1417Bacteria;Acidobacteria;Acidobacteria;Subgroup3;UnknownFamily;Bryobacter;AcidobacteriabacteriumLX128	AewYy052	100.000	29	0	0	1389	1417	1394	1422	8.46e-07	54.7
KC854919.1.1417Bacteria;Acidobacteria;Acidobacteria;Subgroup3;UnknownFamily;Bryobacter;AcidobacteriabacteriumLX128	AewYy034	100.000	29	0	0	1389	1417	1392	1420	8.46e-07	54.7
KC854919.1.1417Bacteria;Acidobacteria;Acidobacteria;Subgroup3;UnknownFamily;Bryobacter;AcidobacteriabacteriumLX128	AewYy011	100.000	29	0	0	1389	1417	1391	1419	8.46e-07	54.7
KC854919.1.1417Bacteria;Acidobacteria;Acidobacteria;Subgroup3;UnknownFamily;Bryobacter;AcidobacteriabacteriumLX128	AewYy004	100.000	29	0	0	1389	1417	1390	1418	8.46e-07	54.7
KC854919.1.1417Bacteria;Acidobacteria;Acidobacteria;Subgroup3;UnknownFamily;Bryobacter;AcidobacteriabacteriumLX128	AewYyy75	100.000	29	0	0	1389	1417	1392	1420	8.46e-07	54.7
KC854919.1.1417Bacteria;Acidobacteria;Acidobacteria;Subgroup3;UnknownFamily;Bryobacter;AcidobacteriabacteriumLX128	AewYyy30	100.000	29	0	0	1389	1417	1392	1420	8.46e-07	54.7
KC854919.1.1417Bacteria;Acidobacteria;Acidobacteria;Subgroup3;UnknownFamily;Bryobacter;AcidobacteriabacteriumLX128	AewYyyyy	100.000	29	0	0	1389	1417	1391	1419	8.46e-07	54.7
KC854919.1.1417Bacteria;Acidobacteria;Acidobacteria;Subgroup3;UnknownFamily;Bryobacter;AcidobacteriabacteriumLX128	HQ729847.1.1439	100.000	28	0	0	1390	1417	1393	1420	3.04e-06	52.8
KC854919.1.1417Bacteria;Acidobacteria;Acidobacteria;Subgroup3;UnknownFamily;Bryobacter;AcidobacteriabacteriumLX128	HM062175.1.1405	100.000	28	0	0	1390	1417	1378	1405	3.04e-06	52.8
KC854919.1.1417Bacteria;Acidobacteria;Acidobacteria;Subgroup3;UnknownFamily;Bryobacter;AcidobacteriabacteriumLX128	HM061866.1.1405	100.000	28	0	0	1390	1417	1378	1405	3.04e-06	52.8
KC854919.1.1417Bacteria;Acidobacteria;Acidobacteria;Subgroup3;UnknownFamily;Bryobacter;AcidobacteriabacteriumLX128	HM061948.1.1401	100.000	28	0	0	1390	1417	1374	1401	3.04e-06	52.8
KC854919.1.1417Bacteria;Acidobacteria;Acidobacteria;Subgroup3;UnknownFamily;Bryobacter;AcidobacteriabacteriumLX128	Yq3Yy105	100.000	28	0	0	1390	1417	1390	1417	3.04e-06	52.8
KC854919.1.1417Bacteria;Acidobacteria;Acidobacteria;Subgroup3;UnknownFamily;Bryobacter;AcidobacteriabacteriumLX128	Wm2AeY31	100.000	28	0	0	1390	1417	1393	1420	3.04e-06	52.8
KC854919.1.1417Bacteria;Acidobacteria;Acidobacteria;Subgroup3;UnknownFamily;Bryobacter;AcidobacteriabacteriumLX128	HewYy262	100.000	28	0	0	1390	1417	1390	1417	3.04e-06	52.8
KC854919.1.1417Bacteria;Acidobacteria;Acidobacteria;Subgroup3;UnknownFamily;Bryobacter;AcidobacteriabacteriumLX128	Wn0Se174	100.000	28	0	0	1390	1417	1390	1417	3.04e-06	52.8
JF198471.1.1373Bacteria;Acidobacteria;Acidobacteria;Subgroup6;unculturedbacterium	JF198471.1.1373	100.000	1373	0	0	1	1373	1	1373	0.0	2536
KC442576.1.1461Bacteria;Acidobacteria;Acidobacteria;Subgroup6;unculturedAcidobacteriabacterium	GQ500866.1.1516	99.110	1461	13	0	1	1461	23	1483	0.0	2627
HQ755610.1.1467Bacteria;Acidobacteria;Acidobacteria;Subgroup6;unculturedorganism	HQ755610.1.1467	100.000	1467	0	0	1	1467	1	1467	0.0	2710
HQ755610.1.1467Bacteria;Acidobacteria;Acidobacteria;Subgroup6;unculturedorganism	HQ755509.1.1463	99.931	1446	1	0	1	1446	18	1463	0.0	2665
HQ755610.1.1467Bacteria;Acidobacteria;Acidobacteria;Subgroup6;unculturedorganism	HQ784564.1.1471	99.451	1458	8	0	1	1458	14	1471	0.0	2649
HQ755610.1.1467Bacteria;Acidobacteria;Acidobacteria;Subgroup6;unculturedorganism	GQ480120.1.1514	99.114	1467	13	0	1	1467	38	1504	0.0	2638
HQ729865.1.1509Bacteria;Acidobacteria;Acidobacteria;Subgroup6;unculturedAcidobacteriabacterium	HQ729865.1.1509	100.000	1509	0	0	1	1509	1	1509	0.0	2787
JF132730.1.1340Bacteria;Acidobacteria;Acidobacteria;Subgroup4;UnknownFamily;Blastocatella;unculturedbacterium	JF132730.1.1340	100.000	1340	0	0	1	1340	1	1340	0.0	2475
HM269223.1.1373Bacteria;Acidobacteria;Acidobacteria;Subgroup6;unculturedbacterium	Wm2Yy152	99.563	1373	6	0	1	1373	14	1386	0.0	2505
HM269223.1.1373Bacteria;Acidobacteria;Acidobacteria;Subgroup6;unculturedbacterium	Yq2HeY54	99.563	1373	6	0	1	1373	14	1386	0.0	2503
HM061984.1.1439Bacteria;Acidobacteria;Acidobacteria;Subgroup4;UnknownFamily;Blastocatella;unculturedAcidobacteriabacterium	HM061984.1.1439	100.000	1439	0	0	1	1439	1	1439	0.0	2658
FJ466085.1.1332Bacteria;Acidobacteria;Acidobacteria;Acidobacteriales;Acidobacteriaceae(Subgroup1);Acidobacterium;unculturedbacterium	FJ465981.1.1407	99.400	1333	6	2	1	1332	34	1365	0.0	2416
HQ768836.1.1475Bacteria;Acidobacteria;Acidobacteria;Subgroup6;unculturedorganism	JQ769791.1.1517	99.322	1475	10	0	1	1475	13	1487	0.0	2669
HQ768836.1.1475Bacteria;Acidobacteria;Acidobacteria;Subgroup6;unculturedorganism	HewYy071	99.051	1475	14	0	1	1475	6	1480	0.0	2647
FJ466004.1.1271Bacteria;Acidobacteria;Acidobacteria;Acidobacteriales;Acidobacteriaceae(Subgroup1);Bryocella;unculturedbacterium	JN023270.1.1455	99.371	1271	8	0	1	1271	86	1356	0.0	2303
FJ466004.1.1271Bacteria;Acidobacteria;Acidobacteria;Acidobacteriales;Acidobacteriaceae(Subgroup1);Bryocella;unculturedbacterium	JN023191.1.1456	99.135	1272	10	1	1	1271	86	1357	0.0	2287
FJ466004.1.1271Bacteria;Acidobacteria;Acidobacteria;Acidobacteriales;Acidobacteriaceae(Subgroup1);Bryocella;unculturedbacterium	DQ521477.1.1424	99.134	1270	11	0	2	1271	105	1374	0.0	2285
FJ466004.1.1271Bacteria;Acidobacteria;Acidobacteria;Acidobacteriales;Acidobacteriaceae(Subgroup1);Bryocella;unculturedbacterium	JN023256.1.1455	99.056	1271	12	0	1	1271	86	1356	0.0	2281
FJ466004.1.1271Bacteria;Acidobacteria;Acidobacteria;Acidobacteriales;Acidobacteriaceae(Subgroup1);Bryocella;unculturedbacterium	FJ466036.1.1336	99.056	1271	12	0	1	1271	35	1305	0.0	2281
FJ466004.1.1271Bacteria;Acidobacteria;Acidobacteria;Acidobacteriales;Acidobacteriaceae(Subgroup1);Bryocella;unculturedbacterium	JN023421.1.1454	99.056	1271	11	1	1	1271	86	1355	0.0	2279
FJ466004.1.1271Bacteria;Acidobacteria;Acidobacteria;Acidobacteriales;Acidobacteriaceae(Subgroup1);Bryocella;unculturedbacterium	JF200056.1.1323	99.262	1219	9	0	2	1220	105	1323	0.0	2202
FJ466004.1.1271Bacteria;Acidobacteria;Acidobacteria;Acidobacteriales;Acidobacteriaceae(Subgroup1);Bryocella;unculturedbacterium	HM312420.1.1323	99.098	1219	11	0	2	1220	105	1323	0.0	2191
FJ466004.1.1271Bacteria;Acidobacteria;Acidobacteria;Acidobacteriales;Acidobacteriaceae(Subgroup1);Bryocella;unculturedbacterium	JF179072.1.1323	99.016	1219	12	0	2	1220	105	1323	0.0	2185
FJ004705.1.1360Bacteria;Acidobacteria;Acidobacteria;Subgroup6;unculturedbacterium	FJ004705.1.1360	100.000	1360	0	0	1	1360	1	1360	0.0	2512
FJ004705.1.1360Bacteria;Acidobacteria;Acidobacteria;Subgroup6;unculturedbacterium	AY281353.33383.34778	100.000	33	0	0	1	33	2	34	4.85e-09	62.1
DQ017910.1.1474Bacteria;Acidobacteria;Acidobacteria;Subgroup4;UnknownFamily;Blastocatella;unculturedbacterium	DQ017910.1.1474	100.000	1474	0	0	1	1474	1	1474	0.0	2723
HM270430.1.1341Bacteria;Acidobacteria;Acidobacteria;Subgroup4;UnknownFamily;Blastocatella;unculturedbacterium	HM270430.1.1341	100.000	1341	0	0	1	1341	1	1341	0.0	2477
FN811260.1.1486Bacteria;Acidobacteria;Acidobacteria;Subgroup4;uncultured;unculturedAcidobacteriabacterium	FN811260.1.1486	100.000	1486	0	0	1	1486	1	1486	0.0	2745
FJ004708.1.1375Bacteria;Acidobacteria;Acidobacteria;Subgroup6;unculturedbacterium	FJ004708.1.1375	100.000	1375	0	0	1	1375	1	1375	0.0	2540
HQ598152.1.1508Bacteria;Acidobacteria;Acidobacteria;Subgroup6;unculturedAcidobacteriabacterium	AewYyy42	100.000	1508	0	0	1	1508	1	1508	0.0	2785
HQ598152.1.1508Bacteria;Acidobacteria;Acidobacteria;Subgroup6;unculturedAcidobacteriabacterium	AewYy079	99.337	1508	10	0	1	1508	1	1508	0.0	2730
HQ598152.1.1508Bacteria;Acidobacteria;Acidobacteria;Subgroup6;unculturedAcidobacteriabacterium	HM061969.1.1472	99.321	1472	10	0	18	1489	1	1472	0.0	2663
HQ598152.1.1508Bacteria;Acidobacteria;Acidobacteria;Subgroup6;unculturedAcidobacteriabacterium	HM061972.1.1472	99.050	1473	12	2	18	1489	1	1472	0.0	2641
FJ004742.1.1341Bacteria;Acidobacteria;Acidobacteria;Subgroup4;UnknownFamily;Blastocatella;unculturedbacterium	HM062211.1.1440	99.330	1343	6	3	1	1341	7	1348	0.0	2427
CU923664.1.1343Bacteria;Acidobacteria;Acidobacteria;Subgroup4;uncultured;unculturedbacterium	CU923664.1.1343	100.000	1343	0	0	1	1343	1	1343	0.0	2481
AB669481MSP6fromARB	AB669481.1.1461	100.000	1461	0	0	1	1461	1	1461	0.0	2699
AB669481MSP6fromARB	AB561885.1.1461	99.451	1458	8	0	1	1458	1	1458	0.0	2649
AB669481MSP6fromARB	DQ395633.1.1493	99.451	1457	7	1	2	1458	1	1456	0.0	2645
AB669481MSP6fromARB	DQ395791.1.1482	99.516	1445	7	0	14	1458	1	1445	0.0	2630
AB669481MSP6fromARB	DQ395706.1.1479	99.584	1442	6	0	17	1458	1	1442	0.0	2630
AB669481MSP6fromARB	DQ395722.1.1497	99.178	1460	9	3	2	1458	1	1460	0.0	2627
AB669481MSP6fromARB	DQ395676.1.1480	99.446	1443	8	0	16	1458	1	1443	0.0	2621
AB669481MSP6fromARB	DQ395868.1.1464	99.580	1427	6	0	32	1458	1	1427	0.0	2603
AB669481MSP6fromARB	AbtCaps2	99.579	1424	6	0	19	1442	1	1424	0.0	2597
AB669481MSP6fromARB	D26171.1.1422	99.157	1423	10	2	21	1442	1	1422	0.0	2560
JF490071CE1fromARB	JF490071.1.1387	100.000	1387	0	0	1	1387	1	1387	0.0	2562
KF017280MCF10fromARB	AB254791.1.1463	99.751	1205	3	0	1	1205	67	1271	0.0	2209
KF017280MCF10fromARB	EU250242.1.1319	99.088	1206	8	3	1	1205	32	1235	0.0	2163
KF017280MCF10fromARB	FN870338.1.1382	99.086	1204	10	1	3	1205	32	1235	0.0	2161
KF017280MCF10fromARB	HQ420112.1.1452	99.906	1063	1	0	143	1205	198	1260	0.0	1958
FN870338YE3D120fromARB	FN870338.1.1382	100.000	1382	0	0	1	1382	1	1382	0.0	2553
KC924955Colony17fromARB	HM745461.1.1458	99.630	1350	2	3	3	1349	53	1402	0.0	2462
KC924955Colony17fromARB	FN870338.1.1382	99.319	1321	8	1	25	1344	41	1361	0.0	2388
KC924955Colony17fromARB	JF737882.1.1465	99.020	1327	11	2	25	1349	77	1403	0.0	2377
KC924955Colony17fromARB	EU372635.1.1459	99.020	1327	11	2	25	1349	77	1403	0.0	2377
JX412364MCF14fromARB	JF737882.1.1465	99.755	1222	1	2	1	1222	67	1286	0.0	2239
JX412364MCF14fromARB	EU372635.1.1459	99.755	1222	1	2	1	1222	67	1286	0.0	2239
JX412364MCF14fromARB	FN870338.1.1382	99.427	1221	4	3	3	1222	32	1250	0.0	2213
JX412364MCF14fromARB	HM745461.1.1458	99.010	1212	10	2	11	1222	77	1286	0.0	2170
JX029996AB39fromARB	JX029996.1.1265	100.000	1265	0	0	1	1265	1	1265	0.0	2337
AB245339Gsoil149fromARB	AB245339.1.1430	100.000	1430	0	0	1	1430	1	1430	0.0	2641
AB245339Gsoil149fromARB	FJ870380.1.1418	100.000	1418	0	0	9	1426	1	1418	0.0	2619
AB245339Gsoil149fromARB	EobModes	99.440	1428	8	0	1	1428	5	1432	0.0	2593
AB245339Gsoil149fromARB	GU187038.1.1394	99.067	1394	12	1	23	1415	1	1394	0.0	2501
AB245339Gsoil149fromARB	GU187037.1.1378	99.129	1378	12	0	37	1414	1	1378	0.0	2479
AB245339Gsoil149fromARB	JQ318913.1.1369	99.118	1361	12	0	68	1428	1	1361	0.0	2447
AB245339Gsoil149fromARB	HM277360.1.1321	99.773	1321	3	0	5	1325	1	1321	0.0	2423
FJ469913BXN526fromARB	JQ318913.1.1369	100.000	1369	0	0	1	1369	1	1369	0.0	2529
FJ469913BXN526fromARB	HQ674946.1.1473	99.269	1368	10	0	1	1368	89	1456	0.0	2471
FJ469913BXN526fromARB	HM062223.1.1420	99.411	1359	8	0	1	1359	62	1420	0.0	2466
FJ469913BXN526fromARB	AB245339.1.1430	99.118	1361	12	0	1	1361	68	1428	0.0	2447
FJ469913BXN526fromARB	FJ870380.1.1418	99.117	1359	12	0	1	1359	60	1418	0.0	2444
AB245337Gsoil969fromARB	AB245337.1.1452	100.000	1452	0	0	1	1452	1	1452	0.0	2682
HF568987J3RfromARB	HF568987.1.1386	100.000	1386	0	0	1	1386	1	1386	0.0	2560
HF568987J3RfromARB	FR716684.1.1401	99.267	1365	9	1	1	1364	37	1401	0.0	2464
AY587227KBS89fromARB	AY587227.1.1418	100.000	1418	0	0	1	1418	1	1418	0.0	2619
AY587227KBS89fromARB	JF833524.1.1453	99.717	1415	4	0	4	1418	1	1415	0.0	2591
AY587227KBS89fromARB	FJ625371.1.1495	99.435	1416	8	0	1	1416	26	1441	0.0	2571
AY587227KBS89fromARB	EU150226.1.1462	99.366	1419	8	1	1	1418	25	1443	0.0	2569
AY587227KBS89fromARB	Wn0Sey11	99.295	1418	10	0	1	1418	18	1435	0.0	2564
AY587227KBS89fromARB	HM062091.1.1418	99.224	1418	11	0	1	1418	1	1418	0.0	2558
AY587227KBS89fromARB	HewYy181	99.224	1418	11	0	1	1418	18	1435	0.0	2558
AY587227KBS89fromARB	Wn0Se157	99.224	1418	11	0	1	1418	18	1435	0.0	2558
AY587227KBS89fromARB	Wn0Sey42	99.083	1418	12	1	1	1418	18	1434	0.0	2545
AY587227KBS89fromARB	EU150220.1.1461	99.013	1418	14	0	1	1418	25	1442	0.0	2542
AY587227KBS89fromARB	AewYy147	99.013	1418	14	0	1	1418	18	1435	0.0	2542
AY587227KBS89fromARB	JN024048.1.1453	99.288	1404	10	0	15	1418	1	1404	0.0	2538
AY587227KBS89fromARB	JN023345.1.1453	99.217	1404	11	0	15	1418	1	1404	0.0	2532
AY587227KBS89fromARB	JN023908.1.1453	99.145	1404	12	0	15	1418	1	1404	0.0	2527
AY587227KBS89fromARB	JN023241.1.1453	99.145	1404	12	0	15	1418	1	1404	0.0	2527
AY587227KBS89fromARB	JN023372.1.1453	99.145	1404	12	0	15	1418	1	1404	0.0	2527
AY587227KBS89fromARB	JN024021.1.1453	99.074	1404	13	0	15	1418	1	1404	0.0	2521
AY587227KBS89fromARB	JN023772.1.1453	99.074	1404	13	0	15	1418	1	1404	0.0	2521
AY587227KBS89fromARB	JN023316.1.1453	99.074	1404	13	0	15	1418	1	1404	0.0	2521
AY587227KBS89fromARB	JN023273.1.1453	99.074	1404	13	0	15	1418	1	1404	0.0	2521
AY587227KBS89fromARB	JN023114.1.1454	99.075	1406	10	3	15	1418	1	1405	0.0	2521
AY587227KBS89fromARB	JN023432.1.1453	99.003	1404	14	0	15	1418	1	1404	0.0	2516
AY587227KBS89fromARB	JN023142.1.1454	99.004	1405	13	1	15	1418	1	1405	0.0	2516
AY587227KBS89fromARB	JN023117.1.1453	99.003	1404	14	0	15	1418	1	1404	0.0	2516
AY587227KBS89fromARB	JN023181.1.1452	99.003	1404	13	1	15	1418	1	1403	0.0	2514
FJ870379KBS13fromARB	FJ870379.1.1418	100.000	1418	0	0	1	1418	1	1418	0.0	2619
FJ870379KBS13fromARB	CP002467.3872526.3874013	99.929	1418	1	0	1	1418	25	1442	0.0	2614
FJ870379KBS13fromARB	Tg0Saan2	99.788	1418	3	0	1	1418	25	1442	0.0	2603
FJ870379KBS13fromARB	FJ870382.1.1418	99.577	1418	6	0	1	1418	1	1418	0.0	2586
FJ870381KBS3fromARB	FJ870381.1.1425	100.000	1425	0	0	1	1425	1	1425	0.0	2632
FJ870381KBS3fromARB	FJ870382.1.1418	99.018	1426	5	9	1	1425	1	1418	0.0	2547
FJ870382KBS5fromARB	FJ870382.1.1418	100.000	1418	0	0	1	1418	1	1418	0.0	2619
FJ870382KBS5fromARB	FJ870379.1.1418	99.577	1418	6	0	1	1418	1	1418	0.0	2586
FJ870382KBS5fromARB	CP002467.3872526.3874013	99.506	1418	7	0	1	1418	25	1442	0.0	2580
FJ870382KBS5fromARB	Tg0Saan2	99.365	1418	9	0	1	1418	25	1442	0.0	2569
FJ870382KBS5fromARB	FJ870381.1.1425	99.018	1426	5	9	1	1418	1	1425	0.0	2547
AB979862P8YfromARB	GU201542.1.1460	99.297	1281	9	0	1	1281	59	1339	0.0	2316
FJ405886YJF213fromARB	FJ405886.1.1452	100.000	1452	0	0	1	1452	1	1452	0.0	2682
DQ355184CH1fromARB	DQ355184.1.1387	100.000	1387	0	0	1	1387	1	1387	0.0	2562
JX029998AB158fromARB	JX029998.1.1314	100.000	1314	0	0	1	1314	1	1314	0.0	2427
JX029994AB20fromARB	JX029994.1.1333	100.000	1333	0	0	1	1333	1	1333	0.0	2462
FJ870383KBS83fromARB	FJ870383.1.1418	100.000	1418	0	0	1	1418	1	1418	0.0	2619
FJ870383KBS83fromARB	HewYy267	99.647	1418	5	0	1	1418	18	1435	0.0	2591
FJ870383KBS83fromARB	AewYyy14	99.647	1418	5	0	1	1418	18	1435	0.0	2591
FJ870383KBS83fromARB	A2_4c	99.506	1418	7	0	1	1418	25	1442	0.0	2580
FJ870383KBS83fromARB	Wn0Sey30	99.224	1418	11	0	1	1418	18	1435	0.0	2558
FJ870383KBS83fromARB	Wn0Sey16	99.083	1418	13	0	1	1418	18	1435	0.0	2547
FJ870383KBS83fromARB	HQ118263.1.1471	99.013	1418	14	0	1	1418	30	1447	0.0	2542
FJ870383KBS83fromARB	HM062390.1.1418	99.013	1418	14	0	1	1418	1	1418	0.0	2542
FJ870383KBS83fromARB	AY913542.1.1281	99.141	1281	11	0	33	1313	1	1281	0.0	2305
AY096034WJ7fromARB	JF737882.1.1465	99.369	1426	9	0	1	1426	19	1444	0.0	2584
AY096034WJ7fromARB	EU372635.1.1459	99.369	1426	9	0	1	1426	19	1444	0.0	2584
AY096034WJ7fromARB	AB254791.1.1463	99.088	1426	13	0	1	1426	19	1444	0.0	2562
AY096034WJ7fromARB	HQ420112.1.1452	99.110	1236	11	0	191	1426	198	1433	0.0	2222
FR874231N3BfromARB	FR874231.1.1344	100.000	1344	0	0	1	1344	1	1344	0.0	2483
JF290434CU2fromARB	JF290434.1.1418	100.000	1418	0	0	1	1418	1	1418	0.0	2619
JF490072C27fromARB	JF490072.1.1411	100.000	1411	0	0	1	1411	1	1411	0.0	2606
FJ870384KBS96fromARB	FJ870384.1.1420	100.000	1420	0	0	1	1420	1	1420	0.0	2623
FJ870384KBS96fromARB	JF429104.1.1491	99.648	1420	5	0	1	1420	32	1451	0.0	2595
AB245338Gsoil1619fromARB	AB245338.1.1466	100.000	1466	0	0	1	1466	1	1466	0.0	2708
KC921150LWQ117fromARB	AewYyy32	99.470	1320	7	0	1	1320	72	1391	0.0	2399
KC921151LP6fromARB	FJ152868.1.1508	99.269	1368	10	0	1	1368	41	1408	0.0	2471
KC921195WX90fromARB	EU051336.1.1475	99.348	1381	7	2	1	1380	48	1427	0.0	2499
KC295408DG1540fromARB	JF344048.1.1516	100.000	30	0	0	55	84	94	123	2.35e-07	56.5
KC295408DG1540fromARB	GQ259323.1.1483	100.000	29	0	0	55	83	74	102	8.44e-07	54.7
KC295408DG1540fromARB	EU617730.1.1521	100.000	29	0	0	55	83	94	122	8.44e-07	54.7
KC295408DG1540fromARB	AB294948.1.1461	100.000	29	0	0	55	83	94	122	8.44e-07	54.7
EF629834N2yML4fromARB	EF629834.1.1409	100.000	1409	0	0	1	1409	1	1409	0.0	2603
EF629834N2yML4fromARB	JF344048.1.1516	100.000	30	0	0	38	67	94	123	2.34e-07	56.5
EF629834N2yML4fromARB	GQ259323.1.1483	100.000	29	0	0	38	66	74	102	8.41e-07	54.7
EF629834N2yML4fromARB	EU617730.1.1521	100.000	29	0	0	38	66	94	122	8.41e-07	54.7
EF629834N2yML4fromARB	AB294948.1.1461	100.000	29	0	0	38	66	94	122	8.41e-07	54.7
FN689719ORACfromARB	FN689719.1.1433	100.000	1433	0	0	1	1433	1	1433	0.0	2647
FN554392CHC25fromARB	FN689719.1.1433	99.033	1345	5	7	1	1340	90	1431	0.0	2405
AF524859K5b10EnrichCLone	AF524859.1.1357	100.000	1357	0	0	1	1357	1	1357	0.0	2507
AF524860K5b2EnrichCLone	AF524860.1.1357	100.000	1357	0	0	1	1357	1	1357	0.0	2507
KC121328PA(2.6)EnrichCLone	KC121328.1.1488	100.000	1484	0	0	5	1488	1	1484	0.0	2741
KC121328PA(2.6)EnrichCLone	HewYy138	99.450	1454	7	1	19	1472	1	1453	0.0	2639
KC121328PA(2.6)EnrichCLone	HM062463.1.1418	99.788	1418	3	0	36	1453	1	1418	0.0	2603
KC121328PA(2.6)EnrichCLone	AB672116.1.1422	99.578	1422	6	0	32	1453	1	1422	0.0	2593
KC121328PA(2.6)EnrichCLone	HM062289.1.1418	99.647	1418	5	0	36	1453	1	1418	0.0	2591
KC121328PA(2.6)EnrichCLone	EF516550.1.1415	99.576	1415	6	0	38	1452	1	1415	0.0	2580
GU134930SBII9EnrichCLone	GU134930.1.1424	100.000	1424	0	0	1	1424	1	1424	0.0	2630
GU134908SBIa4EnrichCLone	GU134908.1.1424	100.000	1424	0	0	1	1424	1	1424	0.0	2630
GU731313auto194WEnrichCLone	GU731313.1.1355	100.000	1355	0	0	1	1355	1	1355	0.0	2503
GU731313auto194WEnrichCLone	GU731319.1.1350	99.333	1350	9	0	3	1352	1	1350	0.0	2444
GU731319auto624WEnrichCLone	GU731319.1.1350	100.000	1350	0	0	1	1350	1	1350	0.0	2494
GU731319auto624WEnrichCLone	GU731313.1.1355	99.333	1350	9	0	1	1350	3	1352	0.0	2444
GU731308auto14WEnrichCLone	GU731308.1.1355	100.000	1355	0	0	1	1355	1	1355	0.0	2503
GU134916SBIa18EnrichCLone	GU134916.1.1421	100.000	1421	0	0	1	1421	1	1421	0.0	2625
GU134916SBIa18EnrichCLone	GU134911.1.1422	99.789	1422	2	1	1	1421	1	1422	0.0	2608
GU134911SBIa9EnrichCLone	GU134911.1.1422	100.000	1422	0	0	1	1422	1	1422	0.0	2627
GU134911SBIa9EnrichCLone	GU134916.1.1421	99.789	1422	2	1	1	1422	1	1421	0.0	2608
GU731316auto494WEnrichCLone	GU731316.1.1350	100.000	1350	0	0	1	1350	1	1350	0.0	2494
GU731328auto1934WEnrichCLone	GU731328.1.1352	100.000	1352	0	0	1	1352	1	1352	0.0	2497
GU731328auto1934WEnrichCLone	JN023217.1.1453	99.163	1314	11	0	39	1352	1	1314	0.0	2366
GU731314auto204WEnrichCLone	GU731314.1.1355	100.000	1355	0	0	1	1355	1	1355	0.0	2503
GU731315auto394WEnrichCLone	GU731315.1.1357	100.000	1357	0	0	1	1357	1	1357	0.0	2507
GU731315auto394WEnrichCLone	GU731317.1.1355	99.631	1356	1	4	2	1354	1	1355	0.0	2473
GU731346auto1894WEnrichCLone	GU731346.1.1349	100.000	1349	0	0	1	1349	1	1349	0.0	2492
GU731304heteroC524WEnrichCLone	GU731304.1.1393	100.000	1393	0	0	1	1393	1	1393	0.0	2573
AF027004OPB3EnrichCLone	AF027004.1.1432	100.000	1432	0	0	1	1432	1	1432	0.0	2638
HM769665ANARAS33EnrichCLone	HM769665.1.1462	100.000	1462	0	0	1	1462	1	1462	0.0	2700
KM210533SRAO12EnrichCLone	EF584528.1.1481	99.659	1467	5	0	1	1467	1	1467	0.0	2682
KM263544DSR54EnrichCLone	JQ427980.1.1508	99.118	1474	13	0	39	1512	1	1474	0.0	2651
JQ619832CV04EnrichCLone	JQ619832.1.1480	100.000	1480	0	0	1	1480	1	1480	0.0	2734
JQ619836CV10EnrichCLone	JQ619836.1.1469	100.000	1469	0	0	1	1469	1	1469	0.0	2713
JQ619836CV10EnrichCLone	EU652506.1.1520	100.000	41	0	0	1	41	17	57	1.87e-13	76.8
JQ619836CV10EnrichCLone	HM187058.1.1481	100.000	38	0	0	4	41	1	38	8.71e-12	71.3
JQ619836CV10EnrichCLone	HM186355.1.1365	100.000	34	0	0	8	41	1	34	1.46e-09	63.9
JQ619836CV10EnrichCLone	JN517460.1.1463	100.000	33	0	0	9	41	3	35	5.24e-09	62.1
JQ619836CV10EnrichCLone	HM062263.1.1435	100.000	33	0	0	9	41	1	33	5.24e-09	62.1
JQ619836CV10EnrichCLone	HM062120.1.1476	100.000	33	0	0	9	41	1	33	5.24e-09	62.1
JQ619836CV10EnrichCLone	HM062223.1.1420	100.000	33	0	0	9	41	1	33	5.24e-09	62.1
JQ619836CV10EnrichCLone	HM062170.1.1418	100.000	33	0	0	9	41	1	33	5.24e-09	62.1
JQ619836CV10EnrichCLone	HM061983.1.1444	100.000	33	0	0	9	41	1	33	5.24e-09	62.1
JQ619836CV10EnrichCLone	HM061937.1.1420	100.000	33	0	0	9	41	1	33	5.24e-09	62.1
JQ619836CV10EnrichCLone	HM062172.1.1418	100.000	33	0	0	9	41	1	33	5.24e-09	62.1
JQ619836CV10EnrichCLone	HM062143.1.1449	100.000	33	0	0	9	41	1	33	5.24e-09	62.1
JQ619836CV10EnrichCLone	HM061941.1.1418	100.000	33	0	0	9	41	1	33	5.24e-09	62.1
JQ619836CV10EnrichCLone	HM061756.1.1420	100.000	33	0	0	9	41	1	33	5.24e-09	62.1
JQ619836CV10EnrichCLone	HM062463.1.1418	100.000	33	0	0	9	41	1	33	5.24e-09	62.1
JQ619836CV10EnrichCLone	HM062439.1.1449	100.000	33	0	0	9	41	1	33	5.24e-09	62.1
JQ619836CV10EnrichCLone	HM062365.1.1420	100.000	33	0	0	9	41	1	33	5.24e-09	62.1
JQ619836CV10EnrichCLone	HM062289.1.1418	100.000	33	0	0	9	41	1	33	5.24e-09	62.1
JQ619836CV10EnrichCLone	HM062005.1.1474	100.000	33	0	0	9	41	1	33	5.24e-09	62.1
JQ619836CV10EnrichCLone	EF516094.1.1449	100.000	33	0	0	9	41	3	35	5.24e-09	62.1
JQ619836CV10EnrichCLone	HM362478.1.1420	100.000	32	0	0	10	41	5	36	1.89e-08	60.2
JQ619836CV10EnrichCLone	FJ900335.1.1494	100.000	32	0	0	10	41	10	41	1.89e-08	60.2
JQ619836CV10EnrichCLone	FJ466379.1.1414	100.000	32	0	0	10	41	1	32	1.89e-08	60.2
JQ619836CV10EnrichCLone	FJ466131.1.1407	100.000	32	0	0	10	41	1	32	1.89e-08	60.2
JQ619836CV10EnrichCLone	EF516248.1.1466	100.000	32	0	0	10	41	1	32	1.89e-08	60.2
JQ619836CV10EnrichCLone	DQ404812.1.1477	100.000	32	0	0	10	41	31	62	1.89e-08	60.2
JQ619836CV10EnrichCLone	FJ466405.1.1359	100.000	31	0	0	11	41	1	31	6.78e-08	58.4
JQ619836CV10EnrichCLone	FJ466445.1.1387	100.000	31	0	0	11	41	1	31	6.78e-08	58.4
JQ619836CV10EnrichCLone	EF516699.1.1432	100.000	31	0	0	11	41	1	31	6.78e-08	58.4
JQ619836CV10EnrichCLone	EF516550.1.1415	100.000	31	0	0	11	41	1	31	6.78e-08	58.4
AF385537CA002EnrichCLone	AF385537.1.1518	100.000	1518	0	0	1	1518	1	1518	0.0	2800
AF498719Ellin337	AF498719.1.1413	100.000	1413	0	0	1	1413	1	1413	0.0	2610
AY234438Ellin5021	AY234438.1.1303	100.000	1303	0	0	1	1303	1	1303	0.0	2399
AY234438Ellin5021	EF020081.1.1349	99.691	1296	4	0	1	1296	20	1315	0.0	2374
AY234438Ellin5021	EF020066.1.1348	99.691	1296	4	0	1	1296	20	1315	0.0	2374
AY234438Ellin5021	EF019950.1.1348	99.614	1296	5	0	1	1296	20	1315	0.0	2368
AY234438Ellin5021	HewYy284	99.537	1296	6	0	1	1296	14	1309	0.0	2362
AY234438Ellin5021	HewYy167	99.460	1296	7	0	1	1296	14	1309	0.0	2357
AY234438Ellin5021	AewYy172	99.228	1296	10	0	1	1296	14	1309	0.0	2340
AY234438Ellin5021	AewYy151	99.151	1296	11	0	1	1296	14	1309	0.0	2337
AY234438Ellin5021	EU150241.1.1461	99.074	1296	12	0	1	1296	21	1316	0.0	2329
AY234438Ellin5021	HM062062.1.1418	99.149	1292	11	0	5	1296	1	1292	0.0	2327
HM748721Ellin7511	HewYy284	99.279	416	2	1	1	416	14	428	0.0	750
HM748721Ellin7511	EU150241.1.1461	99.038	416	3	1	1	416	21	435	0.0	745
HM748721Ellin7511	EF020081.1.1349	99.038	416	3	1	1	416	20	434	0.0	745
HM748721Ellin7511	EF020066.1.1348	99.038	416	3	1	1	416	20	434	0.0	745
HM748721Ellin7511	AY234438.1.1303	99.038	416	3	1	1	416	1	415	0.0	745
HM748721Ellin7511	HewYy167	99.038	416	3	1	1	416	14	428	0.0	745
HM748721Ellin7511	HM062062.1.1418	99.272	412	2	1	5	416	1	411	0.0	743
HM748721Ellin7511	EobAggre	99.000	400	3	1	17	416	1	399	0.0	717
AY234473Ellin5056	AY234473.1.1320	100.000	1320	0	0	1	1320	1	1320	0.0	2423
AY234473Ellin5056	AF498733.1.1421	99.394	1320	7	1	1	1320	1	1319	0.0	2401
AF498733Ellin351	AF498733.1.1421	100.000	1421	0	0	1	1421	1	1421	0.0	2617
AF498733Ellin351	AY234473.1.1320	99.394	1320	7	1	1	1319	1	1320	0.0	2401
AF498727	CndKorib	99.649	1425	4	1	1	1425	21	1444	0.0	2608
AY234590Ellin5239	AY234590.1.1438	100.000	1438	0	0	1	1438	1	1438	0.0	2656
AY234590Ellin5239	AY234592.1.1393	99.785	1394	1	2	1	1393	1	1393	0.0	2558
AY234590Ellin5239	EF019731.1.1348	99.699	1331	1	3	1	1330	20	1348	0.0	2433
AY234418Ellin5001	AJ292581.1.1463	99.639	1386	5	0	1	1386	20	1405	0.0	2534
AY234418Ellin5001	JF228132.1.1321	99.697	1321	4	0	1	1321	1	1321	0.0	2420
AY234418Ellin5001	AY234512.1.1292	99.923	1292	1	0	1	1292	1	1292	0.0	2383
AY234418Ellin5001	AF498693.1.1292	99.768	1292	2	1	1	1291	1	1292	0.0	2372
AY234578Ellin5227	AY234578.1.1393	100.000	1393	0	0	1	1393	1	1393	0.0	2573
AY234578Ellin5227	EF516334.1.1436	99.640	1388	3	2	7	1393	1	1387	0.0	2534
AY234578Ellin5227	JQ919748.1.1357	99.402	1337	6	2	1	1336	22	1357	0.0	2423
AF498708Ellin326	AF498708.1.1303	100.000	1303	0	0	1	1303	1	1303	0.0	2399
AF498708Ellin326	AF498705.1.1403	99.693	1303	2	2	1	1303	1	1301	0.0	2386
AF498708Ellin326	JF833762.1.1421	99.535	1291	6	0	13	1303	1	1291	0.0	2355
AF498705Ellin323	AF498705.1.1403	100.000	1403	0	0	1	1403	1	1403	0.0	2591
AF498705Ellin323	JF833762.1.1421	99.569	1393	4	2	13	1403	1	1393	0.0	2538
AF498705Ellin323	AF498708.1.1303	99.693	1303	2	2	1	1301	1	1303	0.0	2386
AF498692Ellin310	AJ292581.1.1463	99.702	1343	4	0	1	1343	20	1362	0.0	2459
AF498692Ellin310	JF228132.1.1321	99.773	1321	3	0	1	1321	1	1321	0.0	2423
AF498692Ellin310	AY234512.1.1292	100.000	1292	0	0	1	1292	1	1292	0.0	2386
AF498692Ellin310	AF498693.1.1292	99.845	1292	1	1	1	1291	1	1292	0.0	2375
AF498693Ellin311	AF498693.1.1292	100.000	1292	0	0	1	1292	1	1292	0.0	2379
AF498693Ellin311	AY234512.1.1292	99.845	1292	1	1	1	1292	1	1291	0.0	2375
AF498693Ellin311	JF228132.1.1321	99.613	1292	4	1	1	1292	1	1291	0.0	2359
AF498693Ellin311	AJ292581.1.1463	99.536	1292	5	1	1	1292	20	1310	0.0	2353
HM748732Ellin7522	EU150242.1.1478	99.652	1435	5	0	1	1435	21	1455	0.0	2623
HM748754Ellin7544	HM748754.1.1431	100.000	1431	0	0	1	1431	1	1431	0.0	2643
HM748754Ellin7544	HewYy211	99.161	1431	12	0	1	1431	14	1444	0.0	2577
HM748754Ellin7544	HM062158.1.1431	99.229	1427	11	0	5	1431	1	1427	0.0	2575
HM748754Ellin7544	HewYy245	99.022	1431	14	0	1	1431	14	1444	0.0	2566
HM748748Ellin7538	HM748675.1.1421	100.000	1421	0	0	1	1421	1	1421	0.0	2625
HM748675Ellin6527	HM748675.1.1421	100.000	1421	0	0	1	1421	1	1421	0.0	2625
HM748739Ellin7529	HM748739.1.1390	100.000	1390	0	0	1	1390	1	1390	0.0	2567
HM748739Ellin7529	Wn0Se178	99.137	1390	12	0	1	1390	14	1403	0.0	2501
HM748695Ellin6547	HM748695.1.1420	100.000	1420	0	0	1	1420	1	1420	0.0	2623
HM748695Ellin6547	EF516131.1.1424	99.293	1415	10	0	6	1420	1	1415	0.0	2558
HM748695Ellin6547	EU335297.1.1466	99.085	1420	13	0	1	1420	21	1440	0.0	2551
HM748676Ellin6528	HM748676.1.1419	100.000	1419	0	0	1	1419	1	1419	0.0	2621
HM748676Ellin6528	JQ861280.1.1482	99.507	1420	6	1	1	1419	28	1447	0.0	2582
HM748676Ellin6528	AY395427.1.1407	99.431	1407	5	3	1	1404	1	1407	0.0	2553
HM748676Ellin6528	JX505028.1.1424	99.085	1420	12	1	1	1419	1	1420	0.0	2549
HM748676Ellin6528	AY395361.1.1399	99.429	1402	2	5	1	1399	1	1399	0.0	2540
HM748676Ellin6528	EF516131.1.1424	99.011	1415	13	1	6	1419	1	1415	0.0	2534
HM748680Ellin6532	EF516691.1.1403	100.000	531	0	0	1	531	268	798	0.0	981
HM748680Ellin6532	EF020028.1.1379	100.000	531	0	0	1	531	320	850	0.0	981
HM748680Ellin6532	AY234726.1.1274	99.811	530	1	0	1	530	270	799	0.0	974
HM748680Ellin6532	KC437375.1.1474	99.058	531	5	0	1	531	293	823	0.0	953
AY673391Ellin7225	AewYyy14	100.000	408	0	0	1	408	14	421	0.0	754
AY673391Ellin7225	Wn0Sey30	99.755	408	1	0	1	408	14	421	0.0	749
AY673391Ellin7225	Wn0Sey16	99.755	408	1	0	1	408	14	421	0.0	749
AY673391Ellin7225	HM062390.1.1418	100.000	404	0	0	5	408	1	404	0.0	747
AY673391Ellin7225	GQ264294.1.1441	99.510	408	2	0	1	408	1	408	0.0	743
AY673391Ellin7225	A2_4c	99.510	408	2	0	1	408	21	428	0.0	743
AY673391Ellin7225	HewYy267	99.510	408	2	0	1	408	14	421	0.0	743
AY673391Ellin7225	FJ870383.1.1418	99.752	404	1	0	5	408	1	404	0.0	741
AY673391Ellin7225	FJ466282.1.1410	99.509	407	2	0	1	407	21	427	0.0	741
AY673391Ellin7225	Wn0Se268	99.509	407	2	0	1	407	14	420	0.0	741
AY673391Ellin7225	FJ466162.1.1390	99.263	407	3	0	1	407	14	420	0.0	736
AY673391Ellin7225	JQ798453.1.1462	99.020	408	3	1	1	407	21	428	0.0	730
AY673391Ellin7225	JN023357.1.1453	99.487	390	2	0	19	408	1	390	0.0	710
AY673391Ellin7225	AY913590.1.1282	100.000	372	0	0	37	408	1	372	0.0	688
AY673391Ellin7225	AY913583.1.1283	100.000	372	0	0	37	408	1	372	0.0	688
AY673391Ellin7225	AY913542.1.1281	100.000	372	0	0	37	408	1	372	0.0	688
AY673409Ellin7243	JX029998.1.1314	99.408	338	2	0	71	408	1	338	8.57e-176	614
HM748746Ellin7536	HM062029.1.1436	99.763	422	1	0	5	426	1	422	0.0	774
HM748746Ellin7536	EF516214.1.1429	99.524	420	2	0	7	426	1	420	0.0	765
HM748746Ellin7536	HewYy125	99.061	426	4	0	1	426	14	439	0.0	765
HM748746Ellin7536	AewYy084	99.061	426	4	0	1	426	14	439	0.0	765
HM748746Ellin7536	EF516575.1.1434	99.286	420	3	0	7	426	1	420	0.0	760
HM748746Ellin7536	EF516190.1.1434	99.286	420	3	0	7	426	1	420	0.0	760
HM748746Ellin7536	HM062074.1.1322	99.052	422	4	0	5	426	1	422	0.0	758
HM748746Ellin7536	EF516699.1.1432	99.048	420	4	0	7	426	1	420	0.0	754
HM748744Ellin7534	HewYy304	99.755	408	1	0	1	408	14	421	0.0	749
HM748744Ellin7534	EF515906.1.1420	100.000	403	0	0	6	408	1	403	0.0	745
HM748744Ellin7534	EF516095.1.1418	100.000	402	0	0	7	408	1	402	0.0	743
HM748744Ellin7534	EF516894.1.1420	100.000	402	0	0	7	408	1	402	0.0	743
HM748744Ellin7534	HQ674933.1.1473	99.265	408	3	0	1	408	22	429	0.0	737
HM748744Ellin7534	EF018355.1.1351	99.265	408	3	0	1	408	20	427	0.0	737
HM748744Ellin7534	EF516874.1.1418	99.504	403	2	0	6	408	1	403	0.0	734
HM748744Ellin7534	Wn0Se269	99.020	408	4	0	1	408	14	421	0.0	732
HM748744Ellin7534	Wn0Se118	99.020	408	4	0	1	408	14	421	0.0	732
HM748744Ellin7534	Wn0Sey24	99.020	408	4	0	1	408	14	421	0.0	732
HM748744Ellin7534	EF515960.1.1420	99.007	403	4	0	6	408	1	403	0.0	723
HM748726Ellin7516	HewYy211	100.000	425	0	0	1	425	14	438	0.0	785
HM748726Ellin7516	HewYy245	99.529	425	2	0	1	425	14	438	0.0	774
HM748726Ellin7516	HewYy126	99.529	425	2	0	1	425	14	438	0.0	774
HM748726Ellin7516	HM062214.1.1433	99.525	421	2	0	5	425	1	421	0.0	767
HM748726Ellin7516	HM062268.1.1431	99.287	421	3	0	5	425	1	421	0.0	761
HM748712Ellin7502	EF018783.1.1352	99.509	407	2	0	1	407	20	426	0.0	741
HM748712Ellin7502	EF018828.1.1354	99.263	407	3	0	1	407	20	426	0.0	736
HM748712Ellin7502	AewYy188	99.263	407	3	0	1	407	14	420	0.0	736
HM748712Ellin7502	AewYy022	99.263	407	3	0	1	407	14	420	0.0	736
HM748712Ellin7502	HM061936.1.1420	99.504	403	2	0	5	407	1	403	0.0	734
HM748712Ellin7502	HM061757.1.1420	99.504	403	2	0	5	407	1	403	0.0	734
HM748712Ellin7502	EF018834.1.1349	99.504	403	2	0	5	407	24	426	0.0	734
HM748712Ellin7502	HM069086.1.1445	99.261	406	2	1	2	407	10	414	0.0	732
HM748712Ellin7502	FR687501.1.1463	99.017	407	4	0	1	407	21	427	0.0	730
HM748712Ellin7502	EU445197.1.1494	99.017	407	4	0	1	407	21	427	0.0	730
HM748712Ellin7502	AY963506.1.1423	99.017	407	4	0	1	407	1	407	0.0	730
HM748712Ellin7502	HewYy146	99.017	407	4	0	1	407	14	420	0.0	730
HM748712Ellin7502	AewYy178	99.020	408	3	1	1	407	14	421	0.0	730
HM748712Ellin7502	JF833634.1.1408	99.239	394	3	0	14	407	1	394	0.0	712
HM748712Ellin7502	JN024017.1.1455	99.486	389	2	0	19	407	1	389	0.0	708
HM748712Ellin7502	JN024023.1.1458	99.486	389	2	0	19	407	1	389	0.0	708
HM748712Ellin7502	JN023911.1.1458	99.486	389	2	0	19	407	1	389	0.0	708
HM748712Ellin7502	JN023898.1.1455	99.486	389	2	0	19	407	1	389	0.0	708
AY234729Ellin6077	FJ466124.1.1422	99.767	430	1	0	1	430	4	433	0.0	789
AY234729Ellin6077	HewYy049	99.767	430	1	0	1	430	14	443	0.0	789
AY234729Ellin6077	FJ466228.1.1426	99.767	429	1	0	2	430	1	429	0.0	787
AY234729Ellin6077	AY963503.1.1424	99.302	430	3	0	1	430	1	430	0.0	778
AY234729Ellin6077	HM062170.1.1418	99.531	426	2	0	5	430	1	426	0.0	776
AY234729Ellin6077	DQ404812.1.1477	99.302	430	2	1	1	430	27	455	0.0	776
AY234729Ellin6077	FJ466120.1.1411	99.299	428	3	0	3	430	1	428	0.0	774
AY234729Ellin6077	JX505127.1.1422	99.070	430	4	0	1	430	1	430	0.0	773
AY234729Ellin6077	GU731308.1.1355	99.070	430	4	0	1	430	21	450	0.0	773
AY234729Ellin6077	GU172182.1.1469	99.070	430	4	0	1	430	23	452	0.0	773
AY234729Ellin6077	FN870306.1.1463	99.070	430	4	0	1	430	21	450	0.0	773
AY234729Ellin6077	JQ919766.1.1339	99.070	430	3	1	1	430	21	449	0.0	771
AY234729Ellin6077	HM061937.1.1420	99.296	426	3	0	5	430	1	426	0.0	771
AY234729Ellin6077	HM061941.1.1418	99.296	426	3	0	5	430	1	426	0.0	771
AY234729Ellin6077	FJ466251.1.1401	99.048	420	4	0	11	430	1	420	0.0	754
AY234729Ellin6077	JN023907.1.1453	99.029	412	4	0	19	430	1	412	0.0	739
AY234738Ellin6068	EF516691.1.1403	99.755	408	1	0	3	410	1	408	0.0	749
AY234738Ellin6068	AY234726.1.1274	99.268	410	3	0	1	410	1	410	0.0	741
AY234738Ellin6068	AF523985.1.1280	99.005	402	4	0	9	410	1	402	0.0	721
HM748758Ellin7548	AY234578.1.1393	100.000	423	0	0	1	423	1	423	0.0	782
HM748758Ellin7548	JQ919748.1.1357	99.527	423	2	0	1	423	22	444	0.0	771
HM748758Ellin7548	EF516334.1.1436	99.520	417	2	0	7	423	1	417	0.0	760
HM748756Ellin7546	HM748675.1.1421	100.000	411	0	0	1	411	1	411	0.0	760
AY234588Ellin5237	JX029994.1.1333	99.621	1318	5	0	71	1388	1	1318	0.0	2407
AY234592Ellin5241	AY234592.1.1393	100.000	1393	0	0	1	1393	1	1393	0.0	2569
AY234592Ellin5241	AY234590.1.1438	99.785	1394	1	2	1	1393	1	1393	0.0	2558
AY234592Ellin5241	EF019731.1.1348	99.850	1330	1	1	1	1330	20	1348	0.0	2444
AY234608Ellin5257	AY234608.1.1441	100.000	1441	0	0	1	1441	1	1441	0.0	2662
HM748708Ellin6560	JF833927.1.1468	99.570	697	2	1	1	697	20	715	0.0	1269
AY673387Ellin7221	AY234473.1.1320	100.000	408	0	0	1	408	1	408	0.0	754
AY673387Ellin7221	AF498733.1.1421	100.000	408	0	0	1	408	1	408	0.0	754
HM748753Ellin7543	EU861913.1.1468	99.265	408	3	0	1	408	21	428	0.0	737
HM748752Ellin7542	EU861913.1.1468	99.020	408	4	0	1	408	21	428	0.0	734
HM748725Ellin7515	EU861913.1.1468	99.263	407	3	0	1	407	21	427	0.0	736
HM748745Ellin7535	EU861913.1.1468	99.268	410	3	0	1	410	21	430	0.0	741
AY234538	AY234538.1.1410	100.000	1410	0	0	1	1410	1	1410	0.0	2604
AY234538	JF429131.1.1516	99.574	1410	6	0	1	1410	52	1461	0.0	2571
AY234538	FJ466252.1.1391	99.280	1389	10	0	1	1389	3	1391	0.0	2510
HM748697Ellin6549	AY963509.1.1435	100.000	35	0	0	3	37	3	37	4.00e-10	65.8
HM748697Ellin6549	EF018458.1.1371	100.000	34	0	0	3	36	22	55	1.44e-09	63.9
HM748702Ellin6554	JF429131.1.1516	99.496	1390	7	0	1	1390	28	1417	0.0	2529
HM748702Ellin6554	AY234538.1.1410	99.708	1368	4	0	25	1392	1	1368	0.0	2505
HM748702Ellin6554	AJ292580.1.1470	99.063	1388	13	0	5	1392	1	1388	0.0	2492
HM748702Ellin6554	FJ466252.1.1391	99.416	1370	8	0	23	1392	1	1370	0.0	2486
HM748702Ellin6554	AY963509.1.1435	100.000	35	0	0	3	37	3	37	3.84e-10	65.8
HM748661Ellin6513	AY963509.1.1435	100.000	35	0	0	3	37	3	37	4.00e-10	65.8
HM748661Ellin6513	EF018458.1.1371	100.000	34	0	0	3	36	22	55	1.44e-09	63.9
HM748715Ellin7505	HM748715.1.1452	100.000	1452	0	0	1	1452	1	1452	0.0	2682
HM748715Ellin7505	JN023529.1.1488	99.304	1437	5	5	19	1452	1	1435	0.0	2593
HM748715Ellin7505	AY963509.1.1435	100.000	35	0	0	3	37	3	37	4.01e-10	65.8
HM748715Ellin7505	EF019116.1.1389	100.000	33	0	0	3	35	22	54	5.18e-09	62.1
HM748719Ellin7509	HM748719.1.1452	100.000	1452	0	0	1	1452	1	1452	0.0	2682
HM748719Ellin7509	AY963509.1.1435	100.000	35	0	0	3	37	3	37	4.01e-10	65.8
HM748743Ellin7533	JX222357.1.1498	100.000	36	0	0	3	38	23	58	3.05e-11	67.6
HM748743Ellin7533	EF019214.1.1404	100.000	36	0	0	4	39	23	58	3.05e-11	67.6
HM748743Ellin7533	AY963509.1.1435	100.000	35	0	0	3	37	3	37	1.10e-10	65.8
AY234752Ellin6100	AY234752.1.1397	100.000	1397	0	0	1	1397	1	1397	0.0	2547
AY234752Ellin6100	JN023276.1.1454	99.057	1379	13	0	19	1397	1	1379	0.0	2492
AY234723Ellin6071	AY234723.1.1423	100.000	1423	0	0	1	1423	1	1423	0.0	2628
AY234723Ellin6071	JN023276.1.1454	99.502	1405	7	0	19	1423	1	1405	0.0	2556
AY234723Ellin6071	Wm2Yy178	99.087	1424	11	2	1	1423	14	1436	0.0	2556
AY234723Ellin6071	HewYy112	99.086	1423	13	0	1	1423	14	1436	0.0	2556
AY234723Ellin6071	AewYy007	99.086	1423	13	0	1	1423	14	1436	0.0	2556
AY234723Ellin6071	JN023755.1.1454	99.218	1406	9	2	19	1423	1	1405	0.0	2534
AY234723Ellin6071	JN023479.1.1454	99.147	1406	10	2	19	1423	1	1405	0.0	2532
AY234723Ellin6071	EF018701.1.1347	99.097	1329	11	1	1	1329	20	1347	0.0	2386
AY234723Ellin6071	JQ861290.1.1452	100.000	29	0	0	1395	1423	1402	1430	8.50e-07	54.7
AF498753Ellin371	AF498753.1.1425	100.000	1425	0	0	1	1425	1	1425	0.0	2632
AF498753Ellin371	JN540133.1.1441	99.860	1424	2	0	2	1425	1	1424	0.0	2619
AF498753Ellin371	AewYy057	99.158	1425	12	0	1	1425	13	1437	0.0	2566
AF498753Ellin371	CndSolib	99.018	1425	14	0	1	1425	20	1444	0.0	2555
AF498753Ellin371	JN023830.1.1454	99.289	1406	10	0	20	1425	1	1406	0.0	2542
AF498753Ellin371	JN869097.1.1486	100.000	31	0	0	1395	1425	1407	1437	6.58e-08	58.4
AF498753Ellin371	GU208471.1.1449	100.000	31	0	0	1395	1425	1398	1428	6.58e-08	58.4
AF498753Ellin371	EU445204.1.1475	100.000	30	0	0	1396	1425	1397	1426	2.37e-07	56.5
AF498753Ellin371	Wm2AeY12	100.000	30	0	0	1396	1425	1392	1421	2.37e-07	56.5
AF498753Ellin371	Wm2Yyy47	100.000	30	0	0	1396	1425	1392	1421	2.37e-07	56.5
AF498753Ellin371	HewYy036	100.000	30	0	0	1396	1425	1396	1425	2.37e-07	56.5
AF498753Ellin371	Wn0Sey37	100.000	30	0	0	1396	1425	1394	1423	2.37e-07	56.5
AF498753Ellin371	AewYyy75	100.000	30	0	0	1396	1425	1392	1421	2.37e-07	56.5
AF498753Ellin371	HM062475.1.1403	100.000	29	0	0	1396	1424	1375	1403	8.51e-07	54.7
AF498753Ellin371	HM062473.1.1406	100.000	29	0	0	1396	1424	1378	1406	8.51e-07	54.7
AF498753Ellin371	HM062068.1.1402	100.000	29	0	0	1396	1424	1374	1402	8.51e-07	54.7
AF498753Ellin371	HM061947.1.1403	100.000	29	0	0	1396	1424	1375	1403	8.51e-07	54.7
AF498753Ellin371	Wn0Se174	100.000	29	0	0	1397	1425	1390	1418	8.51e-07	54.7
AF498724Ellin342	AF498724.1.1375	100.000	1375	0	0	1	1375	1	1375	0.0	2518
AF498724Ellin342	EF516154.1.1421	99.416	1371	8	0	3	1373	1	1371	0.0	2497
AY673415Ellin7249	Yq3Yy290	100.000	408	0	0	1	408	14	421	0.0	754
AY673415Ellin7249	Yq3Yy198	100.000	408	0	0	1	408	14	421	0.0	754
AY673415Ellin7249	JQ861409.1.1471	100.000	407	0	0	1	407	24	430	0.0	752
HM748714Ellin7504	HM748714.1.1435	100.000	1435	0	0	1	1435	1	1435	0.0	2651
HM748653Ellin6505	HM748653.1.1420	100.000	1420	0	0	1	1420	1	1420	0.0	2619
AY234751Ellin6099	AY234751.1.1447	100.000	1447	0	0	1	1447	1	1447	0.0	2669
AY234751Ellin6099	EU445218.1.1516	99.309	1447	9	1	1	1447	21	1466	0.0	2621
AY234751Ellin6099	EF516693.1.1444	99.298	1425	10	0	11	1435	20	1444	0.0	2579
AY234727Ellin6075	AY234727.1.1414	100.000	1414	0	0	1	1414	1	1414	0.0	2612
AY234727Ellin6075	FJ592768.1.1377	99.116	1357	12	0	1	1357	21	1377	0.0	2440
AY673412Ellin7246	AY673412.1.1437	100.000	1437	0	0	1	1437	1	1437	0.0	2654
